1 845 674 562
1 845 674 562
2 -1 -1 -1
1 845 674 562
1 845 674 562
1 8 266 212
2 -1 -1 -1
0 286 420 327
1 92 819 163
1 845 674 562
0 286 420 327
2 -1 -1 -1
1 845 674 562
0 352 122 323
1 115 192 650
0 458 126 33
1 5 735 752
0 857 916 951
1 879 441 14
0 352 122 323
0 352 122 323
1 8 266 212
1 845 674 562
1 845 674 562
0 628 773 226
1 235 440 943
1 92 819 163
1 235 440 943
0 628 773 226
0 857 916 951
2 -1 -1 -1
0 624 813 665
1 776 181 608
2 -1 -1 -1
0 624 813 665
1 255 194 439
2 -1 -1 -1
1 122 479 536
0 179 946 385
1 776 181 608
2 -1 -1 -1
1 680 755 454
0 352 122 323
2 -1 -1 -1
1 845 674 562
1 117 687 618
1 3 462 695
0 286 420 327
1 326 536 678
0 86 158 773
1 115 192 650
2 -1 -1 -1
2 -1 -1 -1
1 157 235 607
2 -1 -1 -1
0 86 158 773
2 -1 -1 -1
1 70 658 114
1 776 181 608
0 536 631 282
1 927 58 145
1 3 462 695
2 -1 -1 -1
1 729 829 17
2 -1 -1 -1
2 -1 -1 -1
1 115 192 650
1 776 181 608
2 -1 -1 -1
2 -1 -1 -1
1 791 826 490
1 3 462 695
0 458 126 33
1 122 479 536
1 5 735 752
0 856 384 599
1 255 194 439
1 862 23 862
0 623 456 610
1 680 755 454
1 729 829 17
1 235 440 943
1 820 767 662
1 459 495 342
0 727 223 929
2 -1 -1 -1
0 856 384 599
1 847 166 220
0 652 915 587
0 509 772 606
1 167 656 510
1 326 536 678
1 326 536 678
0 322 149 761
2 -1 -1 -1
0 179 946 385
1 776 181 608
1 776 181 608
1 979 576 983
1 5 735 752
1 928 670 595
1 3 462 695
2 -1 -1 -1
2 -1 -1 -1
2 -1 -1 -1
1 852 947 166
0 214 892 656
1 879 441 14
1 879 441 14
1 852 947 166
0 398 601 137
1 979 576 983
2 -1 -1 -1
1 92 819 163
0 624 813 665
0 166 436 0
0 186 127 489
1 687 179 722
0 541 278 792
1 115 192 650
0 475 893 605
1 927 58 145
0 386 441 847
0 536 631 282
1 70 658 114
1 852 947 166
0 266 90 378
1 362 951 455
1 879 441 14
1 235 440 943
1 8 266 212
1 544 294 648
2 -1 -1 -1
1 715 446 605
2 -1 -1 -1
1 440 835 498
0 594 877 10
0 414 957 240
1 791 826 490
0 430 194 88
0 472 528 617
1 70 658 114
1 927 58 145
1 70 658 114
0 881 368 271
0 612 209 473
1 334 323 762
1 328 635 523
1 167 656 510
1 862 23 862
2 -1 -1 -1
0 727 223 929
1 404 829 360
2 -1 -1 -1
1 455 120 656
2 -1 -1 -1
0 727 223 929
1 775 500 582
2 -1 -1 -1
0 917 980 124
1 157 235 607
1 151 348 41
1 998 709 747
1 884 308 192
1 167 656 510
1 544 294 648
1 455 120 656
0 166 436 0
0 844 71 367
0 899 27 820
2 -1 -1 -1
0 505 213 815
0 397 489 101
1 328 635 523
0 352 122 323
2 -1 -1 -1
0 214 892 656
1 70 658 114
0 912 810 785
0 398 601 137
0 286 420 327
1 919 526 735
0 330 787 543
1 672 717 308
2 -1 -1 -1
1 552 383 901
2 -1 -1 -1
0 11 85 864
0 340 940 312
2 -1 -1 -1
0 165 448 499
0 628 773 226
1 928 670 595
0 929 9 510
1 923 415 986
2 -1 -1 -1
1 194 91 72
2 -1 -1 -1
1 608 191 619
1 200 48 338
1 912 514 219
2 -1 -1 -1
2 -1 -1 -1
1 928 670 595
0 505 213 815
1 960 363 619
1 871 129 546
0 929 9 510
1 938 316 586
2 -1 -1 -1
2 -1 -1 -1
1 117 275 354
1 440 835 498
0 322 149 761
2 -1 -1 -1
0 57 212 576
1 580 169 406
1 457 243 221
2 -1 -1 -1
1 776 181 608
1 3 503 367
1 788 558 721
1 455 120 656
0 397 489 101
0 253 433 596
1 936 725 592
0 509 772 606
2 -1 -1 -1
2 -1 -1 -1
0 475 893 605
0 253 433 596
1 788 558 721
1 923 415 986
0 917 980 124
0 322 149 761
1 522 640 647
0 359 738 832
1 552 383 901
1 531 14 990
1 27 229 953
2 -1 -1 -1
1 92 819 163
1 658 872 698
1 961 551 173
0 952 430 259
1 658 872 698
2 -1 -1 -1
2 -1 -1 -1
0 166 436 0
0 543 733 945
1 3 462 695
0 543 733 945
1 200 553 638
1 194 91 72
0 833 284 721
0 44 686 720
2 -1 -1 -1
2 -1 -1 -1
0 458 126 33
2 -1 -1 -1
1 662 883 982
0 638 817 800
0 505 651 407
0 432 432 691
2 -1 -1 -1
0 179 946 385
0 529 637 448
0 253 433 596
0 252 723 943
2 -1 -1 -1
0 975 814 56
1 271 546 171
1 235 440 943
0 94 438 595
1 470 88 690
2 -1 -1 -1
1 404 829 360
2 -1 -1 -1
0 492 544 285
1 658 728 419
1 300 636 604
1 317 369 647
0 94 438 595
0 652 915 587
0 721 885 810
1 3 462 695
0 11 85 864
1 621 682 270
1 126 779 415
0 975 814 56
0 911 301 145
0 777 237 700
2 -1 -1 -1
2 -1 -1 -1
1 823 59 948
0 166 436 0
1 200 553 638
1 8 266 212
0 31 210 789
1 938 316 586
0 594 877 10
0 594 877 10
2 -1 -1 -1
0 652 915 587
0 558 21 460
0 136 810 457
0 901 844 721
1 748 79 694
1 907 551 449
2 -1 -1 -1
1 501 184 993
1 662 883 982
1 521 918 992
0 327 797 312
0 157 520 17
0 458 126 33
0 327 797 312
1 380 95 501
1 521 918 992
0 31 210 789
1 880 540 405
2 -1 -1 -1
0 301 573 202
2 -1 -1 -1
2 -1 -1 -1
2 -1 -1 -1
1 979 576 983
1 243 249 64
0 199 580 205
2 -1 -1 -1
0 453 987 912
0 975 436 327
0 286 420 327
1 440 835 498
0 149 713 271
0 512 360 300
1 945 928 10
1 112 511 614
0 777 505 390
1 244 659 928
0 813 597 669
1 921 87 941
1 580 169 406
2 -1 -1 -1
2 -1 -1 -1
2 -1 -1 -1
0 879 838 326
0 952 430 259
0 386 441 847
0 850 560 93
2 -1 -1 -1
0 94 438 595
1 359 195 783
0 701 816 635
1 160 972 817
0 14 91 795
1 879 441 14
2 -1 -1 -1
0 912 810 785
0 505 651 407
1 271 546 171
1 235 440 943
2 -1 -1 -1
1 109 929 353
2 -1 -1 -1
1 105 867 560
2 -1 -1 -1
0 58 69 325
0 879 838 326
1 115 192 650
1 447 466 718
2 -1 -1 -1
0 567 649 362
0 856 384 599
0 472 528 617
0 117 703 627
2 -1 -1 -1
0 330 787 543
1 879 441 14
0 729 756 521
1 907 551 449
1 328 635 523
1 871 129 546
0 186 127 489
1 583 475 897
0 492 544 285
1 300 636 604
0 721 885 810
2 -1 -1 -1
1 410 130 760
1 477 85 148
1 489 306 809
2 -1 -1 -1
2 -1 -1 -1
1 788 558 721
1 457 243 221
1 122 479 536
1 724 912 974
1 952 752 542
0 183 173 238
1 42 761 358
1 608 191 619
2 -1 -1 -1
0 525 59 741
1 136 54 571
1 489 306 809
1 122 479 536
1 222 271 660
0 505 651 407
1 317 369 647
0 857 916 951
0 992 526 951
0 904 638 335
2 -1 -1 -1
0 400 644 34
1 362 951 455
0 638 817 800
0 627 219 262
1 450 621 990
1 440 835 498
0 636 226 385
1 961 551 173
0 265 971 302
0 352 122 323
0 911 301 145
1 512 55 852
1 167 656 510
1 629 290 400
1 711 81 167
1 9 269 8
1 115 192 650
1 243 249 64
0 840 836 244
0 407 562 160
1 459 495 342
1 122 479 536
0 586 156 205
0 262 724 652
2 -1 -1 -1
2 -1 -1 -1
0 166 436 0
0 929 9 510
2 -1 -1 -1
0 598 540 125
1 608 191 619
1 148 810 962
0 558 21 460
1 450 765 829
1 684 388 751
1 137 92 818
2 -1 -1 -1
2 -1 -1 -1
1 451 515 177
0 881 368 271
1 945 928 10
2 -1 -1 -1
1 571 488 558
0 505 213 815
1 936 725 592
0 674 189 905
0 923 515 690
0 623 456 610
0 233 574 127
1 251 141 467
1 936 725 592
0 727 223 929
1 267 235 655
1 680 866 605
2 -1 -1 -1
1 677 335 962
0 490 64 420
0 36 198 95
0 831 369 914
1 65 677 604
1 167 656 510
1 673 459 408
1 216 646 886
1 360 4 351
0 855 247 89
1 658 728 419
2 -1 -1 -1
2 -1 -1 -1
2 -1 -1 -1
0 949 426 794
1 658 761 390
2 -1 -1 -1
0 44 686 720
1 173 43 466
0 95 731 589
1 913 787 873
0 777 505 390
1 639 690 894
1 868 794 132
0 851 304 249
0 165 448 499
0 777 237 700
0 191 562 843
0 536 631 282
1 151 348 41
0 17 471 336
-1 -1 -1 -1
