0 471 59 945
0 471 59 945
1 513 507 767
1 890 573 921
0 734 217 548
0 874 14 982
1 395 773 105
1 395 773 105
1 107 556 322
1 963 235 578
1 128 615 746
1 570 872 932
0 685 410 220
0 637 569 289
1 115 836 58
1 570 872 932
0 874 14 982
0 423 241 983
1 534 706 229
1 103 322 7
0 874 14 982
0 430 444 616
0 217 976 748
0 977 429 350
1 115 836 58
1 839 65 121
0 423 241 983
1 830 167 438
0 86 793 438
0 76 564 702
0 95 993 981
1 534 706 229
0 734 217 548
0 76 564 702
0 685 410 220
1 613 284 310
0 977 429 350
1 614 121 171
0 608 585 53
1 964 548 444
0 637 569 289
1 8 899 462
1 22 349 266
0 180 298 234
0 180 298 234
1 98 782 876
0 76 564 702
1 715 266 385
1 157 809 911
0 557 171 325
0 608 585 53
1 657 748 842
0 637 569 289
1 621 342 815
1 614 121 171
0 637 569 289
0 255 81 2
0 557 171 325
1 301 299 25
1 909 421 153
1 278 790 948
1 461 128 431
1 297 340 569
0 70 117 823
1 461 128 431
1 489 458 581
0 96 195 705
0 874 14 982
0 900 136 165
1 707 967 795
1 22 349 266
0 608 585 53
1 972 14 928
0 50 352 670
1 525 114 942
1 398 545 28
1 462 96 257
0 81 412 912
1 103 322 7
1 614 121 171
0 96 195 705
0 137 739 947
0 205 528 513
1 890 573 921
1 862 823 484
1 910 13 92
0 137 739 947
1 931 214 277
1 229 279 793
0 20 611 720
1 234 67 280
1 461 493 865
1 504 472 864
0 516 815 821
0 318 484 272
1 702 207 918
1 153 448 908
1 89 782 185
1 839 65 121
1 107 996 549
1 463 84 462
0 689 911 618
1 888 59 26
1 391 755 106
0 397 197 946
0 605 584 51
1 982 956 320
0 605 584 51
1 657 748 842
1 857 494 611
0 558 760 324
1 909 421 153
0 773 369 18
0 121 659 323
1 614 121 171
1 613 284 310
0 426 856 781
1 715 266 385
0 86 793 438
0 762 817 813
0 539 237 112
1 463 84 462
0 751 771 464
0 15 170 116
1 278 735 829
1 613 284 310
1 229 279 793
1 344 892 215
0 346 826 384
1 670 808 162
0 498 308 705
0 49 591 465
0 25 565 875
1 909 421 153
0 39 919 404
0 15 170 116
1 11 557 89
0 108 950 411
0 786 434 222
1 513 507 767
0 869 340 927
1 954 142 968
0 605 584 51
0 377 938 90
0 927 947 383
0 670 569 817
1 769 422 380
0 891 711 9
0 659 533 464
0 137 739 947
0 385 635 860
0 76 564 702
0 648 417 725
0 167 758 818
1 86 223 222
0 54 903 520
1 352 134 597
1 344 892 215
0 802 997 159
1 697 235 769
1 474 366 406
0 557 171 325
0 773 369 18
1 921 597 407
0 823 535 853
1 107 556 322
0 498 25 471
1 115 836 58
0 455 956 549
1 957 821 868
0 773 192 423
1 22 349 266
1 845 89 83
1 256 270 272
1 947 99 541
0 82 91 20
0 248 79 691
0 481 314 285
1 56 701 57
0 217 976 748
0 251 482 770
0 852 283 279
0 643 781 457
1 441 671 501
1 862 823 484
0 780 799 521
0 137 739 947
1 297 340 569
1 86 223 222
1 359 157 797
0 514 40 881
1 122 742 329
1 572 545 876
1 838 817 188
0 430 444 616
1 288 115 746
1 957 821 868
0 697 449 768
1 294 28 935
1 979 591 459
1 621 342 815
1 979 591 459
1 772 440 186
0 603 899 279
0 637 569 289
0 37 842 945
1 56 701 57
0 50 352 670
1 857 494 611
1 707 492 993
1 490 429 747
0 869 340 927
1 46 163 491
1 890 573 921
0 622 772 842
0 54 677 96
0 526 227 415
1 171 621 569
0 659 533 464
0 76 564 702
1 885 459 261
0 938 900 711
0 50 352 670
0 659 533 464
0 605 584 51
0 217 976 748
0 900 136 165
0 86 793 438
0 786 434 222
1 143 376 307
0 46 357 935
1 236 934 103
0 773 192 423
1 788 434 26
1 355 619 287
1 156 366 483
0 138 323 542
1 862 823 484
0 382 405 892
0 79 121 825
1 978 528 355
0 236 440 429
0 752 659 953
0 70 117 823
0 140 161 58
1 634 38 76
0 823 535 853
1 372 945 505
1 891 575 716
0 652 618 577
1 734 970 939
1 843 295 568
0 426 856 781
1 395 773 105
0 402 25 749
0 683 138 848
0 218 890 331
0 706 935 155
1 697 235 769
0 874 263 245
1 989 923 638
0 62 48 218
1 171 621 569
1 734 970 939
1 841 337 692
1 132 761 314
0 698 743 15
1 234 217 268
0 37 842 945
1 843 295 568
1 621 342 815
1 689 722 995
0 18 89 567
0 73 652 323
0 140 161 58
0 905 916 730
1 856 471 868
1 504 472 864
0 403 964 967
0 10 403 405
1 740 287 509
0 637 569 289
0 927 947 383
1 98 782 876
1 525 114 942
0 605 584 51
0 119 689 627
1 492 34 249
0 363 637 124
1 46 163 491
1 766 56 518
1 552 806 180
1 103 322 7
1 383 884 789
0 146 20 186
1 702 130 891
0 253 233 414
1 178 413 961
0 466 286 780
1 283 815 798
0 496 592 733
0 25 565 875
1 950 817 121
1 234 67 280
0 15 170 116
0 823 535 853
1 236 934 103
0 957 671 822
0 671 163 314
0 584 928 146
0 629 471 592
0 498 308 705
0 177 747 813
1 461 493 865
0 867 92 412
0 341 996 71
0 539 237 112
0 751 233 369
0 117 443 5
0 471 59 945
0 141 989 639
1 950 817 121
1 941 71 426
1 461 493 865
0 558 760 324
1 551 120 414
1 978 243 280
0 797 548 494
1 115 836 58
1 483 698 311
1 533 108 873
0 954 221 578
0 347 157 86
0 86 793 438
1 333 882 827
1 972 14 928
0 34 537 914
1 311 597 573
0 660 276 213
0 44 275 129
0 12 334 178
0 60 30 793
1 857 494 611
0 60 30 793
1 534 131 441
1 670 690 434
1 81 858 172
0 914 137 148
1 280 454 607
1 461 128 431
1 965 876 842
1 243 603 866
0 773 192 423
0 951 430 384
1 838 909 871
0 660 276 213
0 124 627 398
1 2 76 288
1 22 128 77
1 234 217 268
1 264 169 665
0 340 295 205
0 382 405 892
0 622 371 174
0 756 475 510
1 830 167 438
1 271 742 896
1 702 130 891
1 162 724 549
0 158 747 994
0 802 709 623
0 865 873 795
1 201 45 378
1 234 217 268
1 223 738 690
1 670 808 162
0 83 618 568
1 650 0 672
1 845 89 83
1 979 591 459
0 865 873 795
1 773 509 542
1 338 791 237
1 909 982 324
1 127 484 970
1 466 733 423
1 188 224 679
1 288 115 746
0 810 711 146
1 533 108 873
0 205 528 513
1 570 872 932
0 643 781 457
1 609 743 278
1 256 270 272
1 178 773 541
1 738 935 923
1 800 125 165
1 384 20 783
0 802 709 623
1 982 956 320
1 429 617 954
0 685 410 220
1 462 746 445
0 874 150 156
1 371 355 764
0 810 711 146
0 133 258 782
0 471 846 407
1 154 120 389
0 608 585 53
0 516 815 821
0 334 532 785
0 526 446 172
1 921 316 125
0 84 625 100
0 11 529 664
0 641 560 559
0 810 367 281
0 70 117 823
0 558 760 324
1 715 111 624
0 154 983 718
0 997 497 489
1 576 330 941
1 451 569 264
0 754 32 128
0 141 989 639
1 888 59 26
1 701 685 196
0 648 417 725
1 332 9 235
0 363 617 558
1 700 808 460
0 148 815 976
1 338 791 237
1 672 11 351
1 360 297 587
1 862 823 484
1 363 251 792
1 885 459 261
1 740 287 509
0 900 136 165
1 110 347 889
1 792 605 490
0 605 415 951
0 80 753 664
1 531 343 14
1 402 787 525
0 20 611 720
1 429 617 954
1 693 985 63
1 816 922 568
1 395 773 105
0 410 166 842
0 951 430 384
0 50 352 670
1 103 526 818
1 917 121 164
0 11 529 664
1 533 108 873
1 71 319 372
0 20 611 720
1 483 698 311
0 353 504 180
0 246 821 614
1 657 748 842
1 522 74 414
1 702 207 918
0 149 723 241
1 550 581 764
0 616 366 185
1 651 367 436
0 510 65 649
0 820 667 895
1 766 56 518
0 307 646 487
0 853 355 637
1 178 413 961
1 702 877 597
1 838 909 871
0 60 30 793
1 702 130 891
0 797 75 525
0 578 990 892
0 490 154 202
1 755 367 23
0 256 740 716
0 799 210 163
1 385 765 942
1 952 996 706
1 861 462 138
0 506 815 144
0 997 497 489
0 248 704 308
0 184 798 840
1 837 598 13
1 475 182 253
1 283 839 872
0 558 760 324
1 916 226 122
0 442 655 521
0 405 532 516
0 489 14 841
1 377 539 875
0 223 987 185
0 133 258 782
0 280 662 699
0 397 197 946
1 766 56 518
0 540 353 754
0 20 611 720
1 49 890 891
0 591 666 341
0 729 491 582
0 922 263 370
0 471 59 945
1 146 554 492
1 534 706 229
0 509 212 647
0 948 809 143
1 232 712 794
0 552 255 163
0 103 613 362
1 816 922 568
0 891 711 9
0 922 263 370
1 11 217 986
0 150 690 548
0 385 635 860
0 750 405 839
0 946 737 224
1 66 370 97
1 657 748 842
0 137 739 947
1 334 642 325
1 533 85 843
0 68 204 422
0 37 842 945
1 613 284 310
0 146 20 186
0 643 781 457
1 525 114 942
0 71 57 169
0 238 588 456
0 149 209 127
0 149 723 241
1 954 142 968
1 105 846 64
0 951 148 465
0 921 764 407
1 437 936 973
1 546 983 605
0 514 519 139
1 308 385 675
0 298 43 148
0 603 404 716
0 927 168 291
0 140 158 467
0 622 772 842
0 584 235 947
1 990 451 735
1 788 434 26
1 224 928 365
0 760 709 588
0 590 726 311
1 751 268 851
1 941 71 426
1 232 853 388
1 144 606 405
0 319 278 829
1 178 413 961
0 307 646 487
0 874 357 587
0 426 528 563
1 755 367 23
1 397 535 116
1 504 472 864
0 669 955 457
0 498 25 471
0 17 665 389
1 414 571 179
1 788 434 26
1 157 845 594
1 770 907 71
1 236 420 95
1 777 357 888
1 42 941 26
1 513 507 767
0 886 937 287
0 731 850 859
0 683 138 848
1 793 40 467
1 777 357 888
1 6 75 492
0 403 964 967
0 564 465 525
0 667 669 477
1 107 556 322
1 554 239 856
1 739 142 876
1 550 581 764
1 356 980 885
0 561 926 413
0 25 565 875
0 443 140 491
0 874 465 356
1 703 383 102
0 458 216 488
0 769 849 526
0 510 65 649
1 567 383 269
0 144 604 725
0 429 374 926
1 837 598 13
0 951 574 48
0 754 32 128
1 791 387 148
0 874 926 536
0 15 170 116
1 920 213 20
1 283 815 798
1 660 228 323
0 740 140 232
0 37 842 945
0 148 815 976
1 386 765 965
1 736 572 511
1 720 834 759
1 899 30 682
1 107 556 322
1 244 769 327
1 693 36 103
0 504 645 600
0 154 877 881
0 504 645 600
1 585 596 973
1 462 971 127
1 461 444 618
0 668 413 6
0 555 645 220
1 789 564 194
0 635 155 642
1 154 120 389
1 713 333 114
1 379 672 846
0 785 707 33
1 228 27 506
1 360 297 587
1 154 120 389
1 292 229 505
0 721 761 147
0 686 15 244
1 750 361 274
1 114 287 660
0 609 774 661
0 953 86 876
1 492 695 397
1 950 817 121
1 802 827 905
0 471 59 945
1 334 642 325
1 911 850 792
0 361 766 907
1 985 690 469
1 400 287 140
1 772 440 186
1 637 582 502
0 631 217 837
0 969 422 392
0 486 626 569
0 646 993 282
0 4 557 106
1 407 399 753
1 646 230 611
0 300 151 349
0 930 184 848
1 423 123 647
1 494 970 481
1 244 769 327
1 383 221 924
0 137 279 304
0 319 381 177
0 853 942 400
1 600 458 799
1 157 653 358
1 462 971 127
0 943 521 761
0 403 964 967
0 79 121 825
0 862 686 262
1 340 182 826
1 382 366 732
0 254 836 155
1 288 115 746
1 960 291 335
0 198 562 848
0 189 120 168
0 987 603 946
0 382 405 892
0 722 620 552
0 864 562 327
0 95 993 981
1 599 693 775
0 830 906 431
0 434 402 769
1 192 481 800
1 234 217 268
1 689 722 995
0 697 684 211
1 760 404 264
1 526 379 650
0 178 870 723
1 465 577 395
1 826 357 156
1 269 209 367
1 771 671 520
1 402 768 692
1 107 556 322
1 156 95 629
0 900 136 165
1 739 142 876
0 140 158 467
1 342 265 78
1 120 482 988
1 618 538 359
1 157 653 358
1 758 843 848
0 44 275 129
0 972 969 338
1 539 19 85
0 121 659 323
1 360 297 587
1 862 823 484
0 561 926 413
0 174 373 118
1 954 268 239
0 663 678 519
0 875 700 98
0 607 534 607
1 920 709 569
0 462 577 406
0 80 362 713
0 605 584 51
0 751 771 464
0 298 43 148
1 622 817 417
0 824 179 589
1 738 935 923
0 309 210 833
0 1 501 101
0 520 400 807
0 421 140 889
0 46 357 935
0 314 732 28
0 992 543 827
1 707 967 795
1 50 854 753
0 408 771 374
0 287 119 988
0 593 771 474
0 241 733 882
1 359 157 797
1 9 63 568
1 595 51 651
1 861 462 138
1 400 572 841
0 576 837 175
0 23 872 15
1 552 806 180
0 50 352 670
1 131 666 513
1 804 344 22
1 578 512 998
0 871 713 417
1 923 159 66
0 444 942 972
1 730 868 310
0 564 465 525
1 897 749 686
0 943 521 761
1 82 431 624
1 461 444 618
1 372 945 505
1 393 665 971
0 73 652 323
1 539 992 443
0 4 557 106
0 154 983 718
1 33 713 372
1 132 761 314
0 686 470 614
0 400 400 435
0 930 184 848
1 567 383 269
1 985 690 469
0 39 919 404
1 713 333 114
0 47 460 121
1 158 713 481
0 243 615 722
1 423 123 647
1 192 895 497
0 987 603 946
0 844 627 274
0 551 735 347
0 607 534 607
0 242 37 865
0 558 589 115
0 882 986 233
0 180 298 234
0 452 594 520
0 300 151 349
0 519 815 279
0 578 151 420
1 769 422 380
1 899 89 701
0 287 660 796
1 759 896 842
0 381 919 323
1 576 706 829
1 936 549 816
0 716 463 658
0 664 6 301
0 867 92 412
0 261 782 338
1 681 129 420
0 77 787 911
1 342 265 78
0 236 440 429
0 104 279 201
1 965 876 842
1 529 946 109
0 498 308 705
1 839 65 121
0 257 925 201
0 402 769 465
1 351 215 786
1 531 343 14
1 6 75 492
0 290 1 353
0 339 805 303
0 455 956 549
1 824 139 583
1 293 40 490
0 340 493 801
0 155 380 191
1 793 40 467
0 930 184 848
0 136 208 326
1 789 564 194
0 620 789 997
1 66 370 97
1 235 911 209
1 187 928 309
1 920 213 20
0 405 112 669
1 179 906 665
0 458 216 488
1 828 844 584
0 513 976 337
1 687 145 328
0 453 531 763
1 942 269 368
1 120 22 337
0 545 147 502
0 198 562 848
0 280 524 770
0 224 231 382
0 45 574 302
0 298 43 148
0 607 677 111
0 697 684 211
1 837 598 13
0 815 270 108
0 411 356 504
0 471 59 945
1 9 63 568
0 248 704 308
1 761 244 698
0 525 158 80
0 295 819 145
0 163 844 599
0 694 573 334
0 987 653 639
1 537 6 449
1 150 740 306
1 413 697 455
0 504 805 261
1 461 493 865
0 177 747 813
1 210 173 330
0 146 20 186
1 56 810 58
1 123 244 526
1 462 971 127
0 346 396 994
1 886 935 686
1 501 822 61
0 117 263 638
1 481 24 531
1 368 677 416
0 41 998 50
0 657 641 540
0 831 564 984
0 565 729 281
0 304 459 903
0 706 935 155
0 353 504 180
1 44 174 673
0 584 251 861
0 785 542 537
1 74 39 650
0 180 298 234
1 23 975 860
1 885 459 261
1 780 48 207
1 805 178 762
0 132 859 219
0 664 6 301
1 237 732 757
1 204 184 586
1 812 899 461
0 942 217 732
0 951 848 913
0 334 532 785
0 59 288 780
0 929 959 81
0 893 180 915
1 858 167 709
0 664 6 301
1 302 847 632
1 410 832 162
0 810 543 731
1 886 935 686
1 713 333 114
1 158 713 481
0 973 481 115
0 278 686 684
0 135 181 665
1 11 217 986
1 804 344 22
0 498 25 471
1 36 135 960
0 734 217 548
0 697 912 453
1 680 862 992
0 710 72 960
1 299 226 616
1 70 276 579
0 683 216 415
1 831 56 545
0 226 604 102
0 137 739 947
0 181 234 693
1 490 670 617
1 297 862 816
1 362 870 28
1 130 304 761
0 9 694 141
0 835 33 832
0 191 880 650
0 304 459 903
1 185 17 882
1 576 330 941
1 906 37 751
0 951 574 48
0 729 514 927
1 158 713 481
1 252 518 120
1 825 302 817
0 660 276 213
1 333 882 827
1 127 484 970
1 165 339 193
1 787 310 946
1 699 538 359
1 212 156 957
0 99 386 169
1 135 747 13
1 934 598 754
0 584 251 861
1 248 561 470
1 8 0 94
0 55 106 214
0 962 579 261
1 693 36 103
1 11 217 986
1 971 437 786
0 506 741 71
1 896 959 363
0 865 873 795
1 104 657 851
1 136 395 323
0 97 198 297
0 951 848 913
1 906 37 751
1 187 9 504
0 399 616 591
0 987 603 946
-1
