0 471 59 945
0 471 59 945
1 513 507 767
1 513 507 767
0 471 59 945
1 513 507 767
0 374 982 365
0 374 982 365
1 217 548 197
1 890 573 921
0 556 322 997
1 578 698 453
1 669 637 569
0 16 115 836
1 890 573 921
1 513 507 767
1 229 534 706
1 217 548 197
0 305 891 103
1 890 573 921
0 50 560 430
1 217 548 197
1 229 534 706
0 374 982 365
0 874 14 982
0 659 380 839
1 105 630 824
0 418 800 217
0 16 115 836
0 981 528 125
0 659 380 839
0 163 718 42
0 874 14 982
0 981 528 125
1 714 131 638
0 325 618 986
1 121 171 824
1 513 507 767
1 830 167 438
1 5 870 135
1 462 992 457
1 281 423 241
1 578 698 453
1 809 911 63
0 540 438 398
1 809 911 63
0 69 304 461
0 870 309 730
1 121 171 824
0 234 184 626
1 462 992 457
1 530 461 92
1 5 870 135
0 686 22 349
1 5 870 135
1 809 911 63
1 229 534 706
0 418 800 217
0 234 184 626
1 947 213 185
1 297 340 569
0 70 117 823
0 556 322 997
1 489 458 581
1 229 534 706
0 410 220 619
0 900 136 165
1 504 290 909
1 585 53 485
1 489 458 581
1 14 928 21
0 70 117 823
0 16 115 836
0 893 814 430
0 234 184 626
0 850 122 605
0 626 778 819
1 890 573 921
1 809 911 63
1 372 945 505
1 787 278 790
1 489 458 581
0 47 460 121
0 893 814 430
0 378 352 931
0 86 793 438
0 76 340 408
0 16 115 836
1 947 213 185
1 217 548 197
1 683 977 429
1 994 886 39
1 787 278 790
1 714 131 638
1 618 568 280
1 297 340 569
0 223 222 681
1 217 548 197
1 530 461 92
1 391 755 106
1 229 534 706
0 592 733 301
1 982 956 320
0 272 165 916
1 281 423 241
1 121 171 824
0 378 352 931
0 340 624 20
1 281 423 241
0 870 309 730
1 714 131 638
1 705 243 923
1 5 870 135
0 893 814 430
0 900 136 165
1 217 548 197
0 394 55 268
0 132 606 762
0 15 170 116
1 278 735 829
0 50 560 430
0 389 859 463
1 344 892 215
0 418 800 217
1 381 627 153
0 498 308 705
0 49 591 465
0 25 565 875
0 325 618 986
1 618 568 280
1 461 493 865
1 257 209 958
1 897 355 507
0 70 117 823
1 334 642 325
1 461 493 865
1 290 153 526
0 76 340 408
1 334 642 325
0 2 286 670
1 381 627 153
0 850 122 605
1 507 944 916
0 223 222 681
0 15 170 116
1 821 695 262
0 10 296 158
0 167 758 818
0 284 310 327
1 217 548 197
1 352 134 597
0 434 222 209
0 802 997 159
0 163 718 42
1 344 892 215
0 937 287 335
0 389 859 463
0 652 571 401
0 414 72 983
1 893 321 670
0 498 25 471
1 857 494 611
1 107 996 549
0 760 324 55
1 579 276 309
0 686 22 349
0 16 115 836
0 549 445 947
1 893 321 670
0 444 143 496
0 352 670 230
1 701 57 857
1 27 19 339
1 482 770 473
0 283 279 890
1 579 276 309
1 381 627 153
1 697 235 769
1 504 290 909
0 699 633 526
0 287 847 530
0 455 956 549
1 714 131 638
0 6 659 426
0 397 197 946
0 76 340 408
1 125 751 771
1 283 815 798
1 683 977 429
1 530 461 92
1 114 64 303
1 821 310 902
0 851 40 383
1 842 922 777
0 851 40 383
0 325 618 986
1 496 532 42
0 2 4 642
1 834 858 174
1 714 131 638
0 412 54 903
0 993 178 705
0 523 572 545
0 412 54 903
0 896 643 805
0 49 591 465
1 823 484 235
0 886 526 227
0 773 192 423
1 114 64 303
0 526 446 172
0 815 45 995
0 526 446 172
1 705 20 848
0 747 528 273
1 618 568 280
0 810 659 533
0 280 944 651
1 168 378 433
1 20 783 329
0 481 314 285
0 132 606 762
0 14 558 122
0 253 61 34
1 934 920 379
1 669 637 569
0 960 297 902
0 375 258 645
1 410 344 858
0 284 310 327
1 352 134 597
1 956 507 236
0 398 578 752
0 729 305 670
0 734 549 535
1 342 90 563
1 168 378 433
1 982 956 320
0 729 305 670
1 697 235 769
0 378 352 931
0 47 460 121
1 290 153 526
1 536 489 2
1 14 928 21
0 314 580 253
1 989 218 890
1 105 630 824
1 934 920 379
1 769 422 380
1 830 167 438
0 218 737 756
1 27 19 339
1 140 895 325
1 337 692 790
1 334 642 325
1 342 90 563
0 540 438 398
1 143 376 307
1 357 935 401
0 975 820 549
1 211 303 317
1 513 507 767
0 455 956 549
1 18 120 914
1 579 276 309
0 25 565 875
1 536 489 2
0 428 848 733
1 521 10 51
0 773 192 423
1 18 120 914
0 577 692 610
1 830 167 438
1 530 206 543
1 334 642 325
0 249 70 75
1 536 489 2
1 389 466 11
1 556 973 552
1 20 783 329
0 284 310 327
0 966 146 20
0 790 702 130
0 26 655 933
0 895 57 108
0 466 286 780
1 27 19 339
1 504 290 909
1 885 459 261
0 747 528 273
0 625 100 269
1 821 310 902
1 285 783 417
0 993 178 705
0 14 558 122
0 900 136 165
1 146 674 284
1 410 344 858
0 567 117 591
1 623 648 136
0 498 25 471
1 676 341 996
1 337 692 790
1 701 57 857
0 699 633 526
1 461 638 48
0 287 847 530
0 790 702 130
0 14 558 122
0 452 508 624
0 362 548 502
1 551 120 414
1 105 630 824
1 888 453 59
1 874 900 490
0 375 258 645
1 676 341 996
1 682 199 54
1 86 897 739
1 391 755 106
0 279 793 24
1 213 414 40
1 639 171 621
1 573 377 473
0 113 567 49
1 125 751 771
0 701 234 67
0 26 655 933
1 577 173 159
0 682 667 957
0 851 40 383
1 599 316 439
0 914 137 148
0 7 322 652
1 114 64 303
0 441 551 377
0 76 364 449
1 676 341 996
0 592 892 221
1 357 377 539
0 284 310 327
0 592 733 301
1 482 770 473
0 966 146 20
1 934 920 379
0 777 396 867
0 142 738 423
0 684 452 290
1 290 153 526
0 871 972 266
0 25 565 875
1 475 510 491
0 664 742 352
0 16 115 836
0 398 578 752
0 683 138 848
0 987 653 639
0 995 619 223
1 162 724 549
0 697 684 211
1 462 992 457
1 812 905 567
0 652 571 401
0 886 526 227
0 249 70 75
0 989 8 24
1 344 892 215
1 484 970 600
1 768 669 694
1 994 886 39
0 268 389 565
0 346 826 384
1 812 905 567
1 196 226 359
1 285 783 417
0 2 286 670
1 573 377 473
0 862 219 793
1 857 494 611
1 484 970 600
0 626 778 819
0 10 296 158
1 865 747 329
0 870 309 730
0 142 738 423
1 462 746 445
0 957 671 822
1 701 57 857
1 525 651 37
0 133 258 782
0 893 814 430
0 10 296 158
0 810 659 533
0 14 558 122
0 248 704 308
0 314 580 253
1 942 497 821
1 843 295 568
1 64 641 560
1 613 810 367
1 280 963 279
1 4 689 386
0 542 493 74
0 65 706 935
0 997 497 489
1 576 330 941
0 82 613 773
1 121 171 824
1 900 711 826
0 86 793 438
0 284 310 327
1 472 864 882
0 685 694 14
1 794 155 233
0 689 911 618
1 989 218 890
1 688 445 126
1 360 297 587
0 665 275 292
0 790 702 130
0 455 956 549
0 375 258 645
0 542 493 74
0 364 905 916
0 957 671 822
1 20 783 329
1 823 484 235
0 990 845 738
0 773 192 423
1 391 755 106
1 693 985 63
1 816 922 568
1 213 512 386
1 371 355 764
0 481 314 285
1 472 864 882
1 496 532 42
1 108 873 85
0 972 115 558
1 513 507 767
1 676 341 996
0 689 627 611
0 252 553 927
0 937 287 335
0 659 380 839
1 460 990 882
0 287 847 530
1 462 746 445
1 179 446 283
0 616 366 185
0 855 672 11
0 523 108 570
1 125 465 937
0 155 783 791
0 646 487 451
1 576 706 829
0 990 845 738
1 125 751 771
0 564 702 589
1 52 822 461
1 443 112 348
0 323 221 911
0 88 744 413
1 885 560 522
0 659 380 839
0 364 905 916
0 50 560 430
0 58 423 240
0 374 982 365
0 144 452 73
0 254 402 787
0 10 296 158
1 697 235 769
1 338 766 715
1 942 286 477
0 131 731 445
1 410 344 858
0 60 18 820
0 405 532 516
1 676 341 996
0 88 744 413
0 71 426 419
1 947 318 835
1 346 542 656
1 666 343 402
1 411 649 480
1 682 595 197
0 467 878 542
0 997 497 489
1 824 239 729
0 279 793 24
1 927 118 46
1 334 642 325
1 974 894 794
0 945 788 111
1 422 948 809
0 455 956 549
0 132 606 762
0 471 59 945
1 707 967 795
0 37 386 341
1 647 216 355
1 125 465 937
0 414 72 983
1 281 423 241
1 982 956 320
0 224 679 270
0 167 758 818
1 140 895 325
1 140 895 325
1 533 85 843
0 606 498 381
0 274 461 66
0 702 137 891
0 378 352 931
0 96 879 18
1 629 976 965
0 71 57 169
0 238 588 456
1 281 423 241
1 613 810 367
1 775 498 163
1 105 846 64
1 714 131 638
0 490 874 575
1 989 218 890
1 605 293 514
1 560 828 308
0 783 687 531
0 8 61 703
0 927 168 291
1 128 77 585
0 117 443 5
0 584 235 947
1 990 451 735
0 702 137 891
1 224 928 365
0 385 635 860
0 414 72 983
0 790 702 130
1 414 571 179
1 892 522 564
0 83 437 86
1 105 846 64
1 597 154 895
1 140 889 889
1 893 321 670
0 309 210 833
0 277 124 627
1 140 63 894
1 639 171 621
1 461 493 865
0 535 17 665
0 951 148 465
1 847 278 34
0 37 386 341
0 167 758 818
0 592 733 301
0 749 687 344
1 444 712 685
0 205 337 138
0 133 258 782
0 874 150 156
0 410 220 619
0 648 607 157
1 381 627 153
1 380 159 203
0 405 532 516
0 755 449 667
1 528 355 210
0 74 892 894
0 197 745 504
0 989 8 24
0 990 845 738
1 107 996 549
1 142 944 631
1 527 675 986
1 823 484 235
1 147 178 413
0 602 458 216
1 113 769 849
0 874 14 982
1 452 313 65
0 144 604 725
0 429 374 926
1 599 693 775
1 973 804 70
0 10 296 158
0 167 758 818
1 926 536 304
1 352 323 756
0 452 508 624
1 89 243 179
1 297 340 569
1 942 497 821
1 791 232 712
0 464 549 884
0 765 965 779
0 396 317 336
0 357 39 244
1 414 571 179
0 305 59 244
1 363 251 792
1 647 216 355
1 530 206 543
1 821 695 262
1 585 596 973
1 745 330 602
1 444 618 595
1 959 615 958
0 555 645 220
0 526 446 172
1 587 737 918
1 454 282 522
0 6 659 426
1 379 672 846
1 599 693 775
1 108 873 85
0 50 560 430
1 647 550 527
1 676 341 996
1 857 494 611
0 567 117 591
0 418 800 217
0 392 609 774
0 815 45 995
1 64 641 560
0 832 869 333
1 802 827 905
1 759 78 295
1 125 751 771
1 387 408 509
1 338 766 715
0 101 158 158
0 498 25 471
0 606 498 381
0 582 502 557
0 133 258 782
0 422 392 674
1 208 147 757
0 648 607 157
0 557 106 177
1 146 674 284
1 716 528 451
0 919 951 493
0 987 185 788
1 319 89 782
1 334 642 325
0 23 581 814
1 769 400 482
0 475 606 362
0 855 672 11
1 278 40 609
1 140 63 894
1 613 810 367
0 244 914 761
1 372 945 505
1 956 99 386
0 783 687 531
1 830 167 438
1 836 155 368
0 375 258 645
1 880 66 370
0 467 835 981
1 769 422 380
1 278 40 609
1 59 490 523
0 519 546 165
0 464 549 884
1 705 20 848
1 134 850 504
1 629 976 965
1 192 481 800
1 3 863 421
1 985 690 469
0 498 308 705
1 760 404 264
1 280 454 607
1 834 858 174
0 221 57 82
0 856 843 314
0 209 367 407
0 7 322 652
0 851 40 383
0 911 238 302
1 834 858 174
0 857 884 11
1 585 596 973
1 167 929 794
1 162 724 549
0 994 296 618
1 952 996 706
1 278 735 829
0 855 335 411
1 658 972 969
1 90 539 19
1 836 492 79
0 914 137 148
1 833 686 324
1 337 692 790
0 374 982 365
1 880 66 370
0 16 115 836
0 7 322 652
1 534 607 469
0 496 622 371
0 765 965 779
0 668 93 377
0 197 745 504
0 583 710 838
0 70 117 823
0 477 575 862
1 27 19 339
0 404 602 957
0 406 375 474
0 783 687 531
1 985 690 469
0 313 773 888
0 314 732 28
0 992 543 827
0 542 303 574
1 50 854 753
0 997 497 489
0 855 672 11
0 602 458 216
0 241 733 882
1 973 804 70
1 389 466 11
0 802 773 836
1 115 746 832
1 576 330 941
0 476 330 710
1 982 754 789
0 224 679 270
1 283 815 798
1 804 344 22
0 542 493 74
0 713 417 13
1 146 698 490
0 397 197 946
1 85 396 824
1 665 32 706
1 525 651 37
0 699 633 526
0 249 70 75
1 688 445 126
0 233 603 404
1 569 332 446
0 407 70 610
1 454 282 522
0 870 309 730
1 920 213 20
1 404 515 208
1 399 100 121
0 253 61 34
0 433 1 82
1 688 445 126
1 663 612 370
1 780 415 572
1 410 344 858
1 880 66 370
0 181 453 310
1 78 679 338
0 722 410 905
1 64 641 560
0 403 405 923
1 714 131 638
0 716 504 987
1 586 716 496
1 705 20 848
0 119 228 609
0 167 758 818
1 885 459 261
0 695 610 652
0 279 793 24
1 825 681 271
1 167 929 794
0 420 394 213
1 478 404 778
0 119 228 609
1 422 948 809
0 315 381 919
1 364 902 624
1 909 982 324
1 128 77 585
0 526 446 172
1 425 764 340
1 278 735 829
1 381 627 153
1 429 617 954
0 692 138 506
1 686 152 622
0 300 136 535
1 892 522 564
0 755 449 667
1 121 171 824
0 58 423 240
1 897 355 507
1 399 100 121
0 193 351 906
1 812 905 567
0 290 1 353
1 723 342 182
1 702 861 452
1 824 139 583
0 340 624 20
0 340 493 801
1 626 569 921
1 513 507 767
1 952 996 706
1 201 45 378
0 290 817 440
1 177 954 268
1 404 515 208
0 716 504 987
0 60 18 820
1 11 557 89
0 451 179 906
1 885 744 177
0 65 649 525
0 893 814 430
0 145 328 700
1 346 542 656
0 871 972 266
1 985 975 720
0 101 158 158
0 442 280 524
0 618 224 231
1 119 988 17
0 606 735 21
0 736 382 680
0 89 243 571
0 919 12 828
1 357 377 539
0 51 651 609
0 994 296 618
0 685 694 14
1 885 560 522
1 698 578 515
0 483 202 442
0 142 738 423
1 912 45 694
0 888 509 638
0 802 773 836
1 865 747 329
0 581 328 279
0 686 22 349
1 642 957 74
0 533 535 362
1 578 698 453
0 747 528 273
0 49 591 465
1 844 561 83
1 877 958 585
0 604 606 886
0 58 423 240
0 580 117 263
1 489 458 581
0 475 606 362
0 361 766 907
0 945 297 850
0 648 417 725
0 416 383 221
1 283 257 624
0 313 557 510
1 556 973 552
1 3 863 421
1 18 120 914
1 74 39 650
0 592 733 301
1 23 975 860
1 885 459 261
0 760 324 55
1 805 178 762
0 241 733 882
1 81 858 172
0 671 501 408
0 376 941 289
1 899 461 337
0 464 679 395
1 913 633 577
0 142 738 423
0 249 70 75
0 77 685 78
0 567 117 591
0 178 870 723
1 302 847 632
1 529 324 370
0 405 532 516
1 124 219 926
0 373 123 243
1 705 243 923
0 919 12 828
1 550 581 764
0 452 297 773
0 555 645 220
1 629 976 965
0 848 148 713
1 490 670 617
0 156 697 912
0 614 680 862
1 409 501 703
1 299 226 616
1 682 595 197
1 885 560 522
0 16 115 836
0 102 278 567
1 946 789 759
0 208 828 844
1 280 454 607
0 452 297 773
0 343 603 807
1 221 438 445
0 410 220 619
0 874 14 982
0 496 622 371
1 158 249 142
1 985 690 469
1 906 37 751
0 577 692 610
1 4 689 386
0 919 12 828
0 2 4 642
1 576 330 941
0 150 374 657
0 846 459 641
1 821 695 262
1 165 339 193
0 215 45 574
1 213 414 40
1 382 861 343
0 729 305 670
0 876 842 121
1 805 178 762
0 155 594 82
0 540 438 398
0 94 906 520
1 625 68 827
1 986 812 714
0 802 72 150
0 526 242 860
1 164 506 741
1 516 896 959
1 641 942 399
1 605 293 514
1 823 484 235
0 208 828 844
1 34 806 592
0 283 279 890
1 187 9 504
0 373 123 243
0 896 643 805
1 944 994 474
1 885 459 261
1 497 439 361
1 128 77 585
0 67 216 58
1 22 731 69
0 555 645 220
1 372 945 505
0 27 506 727
0 462 742 89
1 802 834 501
0 49 591 465
0 590 726 311
1 368 666 813
1 816 922 568
0 264 933 439
0 193 351 906
0 406 375 474
0 373 123 243
1 10 322 414
1 686 152 622
1 530 206 543
1 286 481 24
1 826 946 883
0 593 771 474
0 119 228 609
1 508 162 718
1 263 446 912
1 58 93 743
1 304 783 517
1 18 997 736
0 682 667 957
0 520 291 501
0 874 14 982
0 119 776 655
1 193 248 453
1 933 148 840
1 921 597 407
1 26 985 998
0 563 996 926
1 14 372 83
0 49 371 497
1 944 994 474
0 550 161 294
1 140 63 894
0 593 771 474
1 58 93 743
-1
