0 569 896 64
0 569 896 64
0 569 896 64
0 562 884 537
0 545 120 979
0 545 120 979
1 22 462 478
0 168 766 495
1 851 408 453
1 226 708 732
0 569 896 64
1 288 437 798
0 667 228 356
1 476 124 848
0 966 747 851
1 754 776 686
1 288 437 798
1 11 544 263
0 966 747 851
0 818 586 702
1 932 695 710
1 851 408 453
1 979 682 367
0 290 972 895
0 22 192 324
0 162 597 556
1 979 682 367
0 667 228 356
0 65 266 497
1 22 462 478
0 592 121 888
0 966 747 851
1 979 682 367
1 751 473 388
1 760 538 472
1 751 473 388
0 704 374 267
0 223 161 761
1 603 73 497
1 91 716 977
0 293 943 621
0 907 793 545
1 219 248 265
0 293 943 621
0 704 374 267
0 360 785 463
0 575 470 436
1 22 462 478
1 792 183 717
1 288 437 798
1 288 437 798
1 958 25 656
0 80 336 910
0 363 742 900
0 786 987 250
1 958 25 656
0 22 192 324
1 244 505 596
1 757 227 678
1 754 776 686
1 195 615 46
0 604 329 6
1 10 378 481
0 859 825 670
1 244 505 596
0 523 810 513
1 958 25 656
0 22 192 324
1 806 24 825
1 932 695 710
0 629 517 436
0 169 465 554
1 948 557 718
0 190 210 788
1 663 113 393
0 195 382 656
1 792 183 717
1 382 383 766
1 204 326 909
1 932 695 710
1 932 695 710
1 932 695 710
0 17 370 623
1 267 67 277
0 680 921 366
0 195 382 656
0 917 379 313
0 320 865 454
1 672 767 212
0 966 747 851
1 806 24 825
0 80 336 910
0 195 382 656
1 48 184 783
0 195 382 656
0 96 147 462
0 162 597 556
1 436 437 837
0 545 120 979
0 190 311 748
0 27 516 434
0 182 736 916
0 859 825 670
1 476 124 848
0 667 228 356
0 940 258 282
1 166 169 498
1 587 914 719
0 190 210 788
0 404 567 134
0 866 675 894
1 639 788 358
1 10 378 481
1 954 341 976
0 634 700 662
0 569 896 64
0 907 793 545
1 580 314 361
1 799 676 484
1 244 505 596
0 110 67 535
0 293 943 621
0 577 165 927
1 732 751 169
1 603 73 497
0 667 228 356
1 892 982 188
1 622 852 737
1 754 776 686
1 50 991 247
0 290 972 895
1 94 880 286
1 906 103 845
0 562 884 537
0 866 675 894
0 965 979 844
0 191 50 390
1 973 910 764
0 362 697 817
1 144 395 945
1 288 437 798
0 362 697 817
1 469 890 50
0 256 873 50
0 859 825 670
0 604 818 711
0 719 918 738
1 902 971 395
1 267 67 277
1 701 492 570
1 382 383 766
0 404 567 134
0 863 192 372
1 163 883 397
0 66 719 11
0 611 607 222
0 230 525 547
1 244 505 596
1 587 914 719
1 219 248 265
1 932 695 710
1 779 111 63
0 230 525 547
0 105 93 739
0 583 675 570
1 102 954 629
1 663 113 393
0 635 846 714
1 179 137 128
1 211 186 815
0 39 594 941
1 622 852 737
0 866 675 894
1 140 745 555
1 129 299 742
1 746 943 879
1 622 852 737
1 754 776 686
1 603 73 497
0 285 410 773
1 652 371 777
0 240 263 724
0 523 810 513
0 404 567 134
1 687 651 130
1 140 745 555
1 179 137 128
1 730 273 633
1 509 203 927
1 195 615 46
1 948 557 718
0 169 465 554
0 629 517 436
1 509 203 927
1 466 161 686
0 400 993 10
1 10 378 481
1 873 222 78
0 240 263 724
0 756 299 762
0 318 328 235
1 701 492 570
1 129 299 742
0 62 705 61
1 760 538 472
0 629 517 436
1 754 776 686
1 129 299 742
0 319 230 331
1 58 389 943
0 576 154 478
0 87 342 179
0 523 795 282
1 216 505 370
0 504 7 759
1 837 678 932
1 634 95 190
1 251 206 761
0 277 452 294
0 756 299 762
0 556 247 426
1 866 186 851
0 206 354 388
0 280 101 850
1 476 694 430
0 954 48 393
0 189 418 265
0 110 67 535
1 994 362 270
0 611 607 222
1 869 800 839
1 86 592 952
1 626 911 159
1 922 102 115
0 104 789 284
1 835 122 648
0 37 782 631
1 660 767 986
1 629 40 234
0 636 857 97
1 251 206 761
0 717 278 894
0 954 48 393
0 193 757 302
1 375 100 93
1 958 25 656
1 436 437 837
1 779 111 63
0 281 210 308
0 569 896 64
1 318 414 697
0 277 452 294
0 717 278 894
1 204 326 909
1 558 375 133
0 164 505 54
1 639 788 358
1 284 977 293
0 387 495 275
0 39 594 941
1 509 203 927
1 629 40 234
0 566 652 503
1 166 169 498
0 965 997 938
0 653 785 736
1 58 389 943
1 948 557 718
0 798 759 832
0 970 231 130
1 994 362 270
0 240 263 724
1 179 137 128
0 866 430 287
1 469 890 50
0 87 342 179
0 254 944 871
1 163 883 397
0 569 896 64
0 362 697 817
1 153 363 556
0 438 712 835
1 497 882 394
0 285 410 773
1 233 38 955
1 732 751 169
1 627 537 14
0 80 336 910
1 479 9 635
1 195 615 46
0 400 993 10
0 866 273 21
0 745 917 446
1 469 890 50
1 930 926 980
0 863 192 372
1 338 551 185
0 604 818 711
1 158 267 139
0 222 176 210
0 37 782 631
0 983 992 150
1 749 97 791
1 484 995 539
1 837 678 932
1 578 151 396
1 436 437 837
1 622 852 737
0 865 8 214
0 473 820 577
1 547 657 766
0 866 430 287
0 836 33 803
0 65 266 497
1 504 747 809
1 979 682 367
0 330 387 352
0 719 918 738
1 994 362 270
1 892 982 188
1 45 752 575
1 269 429 621
1 18 253 651
1 626 911 159
0 306 708 842
1 792 183 717
1 974 461 507
1 627 537 14
1 144 260 420
1 757 227 678
1 933 275 506
1 234 847 545
0 566 652 503
0 80 336 910
0 644 15 222
1 11 544 263
0 281 126 480
0 96 147 462
0 96 147 462
1 922 102 115
0 680 921 366
1 318 414 697
1 59 568 387
0 629 517 436
0 935 327 435
1 438 928 135
0 94 836 228
0 318 328 235
1 267 67 277
1 757 227 678
0 830 358 667
1 342 625 518
1 845 50 942
0 966 747 851
1 799 676 484
1 83 767 701
0 917 379 313
0 866 675 894
1 332 159 468
1 332 159 468
1 873 222 78
0 502 633 876
1 634 95 190
1 399 737 581
0 62 482 382
0 756 549 271
0 830 358 667
1 668 416 554
1 663 113 393
0 7 763 415
1 748 253 723
0 899 973 559
1 638 376 836
1 10 378 481
0 256 873 50
1 869 800 839
1 261 170 592
0 788 950 973
0 937 555 965
1 247 720 305
0 182 736 916
1 697 21 25
1 671 87 230
1 163 883 397
0 631 610 361
1 558 375 133
0 475 890 201
1 954 341 976
1 342 625 518
1 226 708 732
1 913 833 591
1 295 750 428
1 288 437 798
1 48 184 783
1 913 833 591
0 717 834 300
1 191 677 237
1 393 293 163
0 438 712 835
0 196 646 545
0 907 793 545
1 59 568 387
0 545 405 115
0 482 118 45
1 336 347 408
0 254 944 871
1 58 389 943
1 722 791 840
1 658 668 551
1 195 615 46
0 62 482 382
0 62 482 382
0 339 214 859
1 476 694 430
0 545 405 115
1 532 819 464
1 135 497 709
0 636 857 97
0 484 730 715
1 829 353 803
0 976 986 928
1 979 682 367
0 323 93 199
0 799 287 673
0 94 836 228
0 320 865 454
0 683 40 664
1 358 439 736
1 850 16 402
0 17 370 623
0 17 370 623
0 549 527 67
0 277 452 294
1 363 602 878
0 704 374 267
0 62 482 382
0 865 8 214
0 611 631 135
0 711 599 603
1 158 267 139
1 153 363 556
1 228 361 834
0 492 210 13
0 39 594 941
1 821 400 624
0 920 800 267
1 626 911 159
1 962 523 895
1 319 251 897
1 603 73 497
0 916 296 985
1 314 524 7
0 515 754 841
1 974 461 507
1 932 695 710
1 754 776 686
0 296 540 451
1 687 651 130
1 192 606 510
1 227 833 741
1 962 523 895
1 336 347 408
0 61 633 65
1 518 759 277
0 770 287 301
0 592 121 888
0 482 118 45
0 545 405 115
1 657 293 886
0 786 987 250
1 266 725 816
1 746 960 854
1 981 900 404
1 853 864 821
1 592 368 967
1 319 463 608
1 831 897 172
0 587 774 333
0 631 807 461
0 515 754 841
0 388 145 950
1 106 945 23
1 721 329 603
0 799 381 627
0 719 202 751
1 135 497 709
0 859 825 670
1 469 890 50
1 261 170 592
1 853 864 821
1 489 99 161
0 866 273 21
1 247 720 305
0 362 697 817
0 594 444 503
0 164 505 54
0 756 299 762
1 410 795 799
0 290 972 895
1 960 678 979
0 940 258 282
1 396 81 897
0 75 101 583
1 319 251 897
1 506 712 440
0 66 719 11
1 640 344 118
1 518 759 277
1 746 943 879
1 507 233 8
0 395 805 235
1 870 589 240
0 744 442 207
1 658 668 551
0 54 479 794
0 703 220 72
0 249 203 517
0 610 963 976
0 571 731 572
1 823 323 948
1 622 852 737
0 859 825 670
0 965 997 938
0 791 671 297
1 427 706 88
0 169 465 554
1 930 926 980
0 182 736 916
0 866 675 894
1 53 660 909
1 770 157 39
0 25 739 476
1 902 971 395
0 285 822 771
0 818 586 702
0 766 719 773
1 824 346 550
1 136 91 635
0 324 144 668
0 318 328 235
1 838 755 750
1 204 326 909
1 408 64 453
1 191 677 237
0 917 379 313
0 249 185 863
1 976 274 525
1 973 910 764
0 514 591 491
0 983 992 150
1 974 461 507
1 379 817 872
0 745 917 446
0 249 185 863
0 137 695 628
1 195 467 50
1 86 634 557
0 996 17 917
1 247 720 305
0 635 846 714
1 874 161 405
1 50 991 247
0 577 839 125
0 798 759 832
1 94 918 810
1 446 735 368
0 481 103 656
1 332 942 622
0 312 373 92
1 757 227 678
0 275 370 460
0 968 545 301
1 567 918 53
0 251 48 107
1 78 834 495
1 933 275 506
1 649 309 238
1 272 586 19
1 228 361 834
0 325 435 886
0 61 633 65
0 739 202 733
1 233 38 955
1 81 190 517
1 755 861 404
0 55 458 331
0 943 865 745
0 399 464 483
1 696 988 507
1 899 237 469
1 102 954 629
0 943 865 745
1 958 25 656
1 506 712 440
0 844 31 432
1 757 227 678
0 996 17 917
0 917 379 313
1 233 38 955
0 766 67 841
1 325 479 892
1 466 161 686
0 843 829 646
1 596 218 545
1 31 285 451
1 404 249 442
0 634 700 662
1 697 21 25
0 516 745 127
0 372 253 297
0 325 435 886
1 497 882 394
1 979 682 367
0 391 170 893
1 626 911 159
1 748 253 723
0 716 352 379
0 435 500 157
1 658 668 551
0 25 739 476
0 55 458 331
0 423 338 6
0 689 751 78
0 704 374 267
1 399 737 581
0 669 550 22
1 775 976 83
0 604 818 711
1 156 878 756
0 94 836 228
0 615 82 131
0 204 401 72
0 713 197 551
0 899 973 559
1 18 253 651
1 4 162 975
1 106 945 23
0 745 917 446
0 212 62 811
1 760 593 296
0 711 599 603
0 479 250 20
1 601 194 497
0 10 508 72
0 514 591 491
0 575 470 436
0 110 67 535
0 719 918 738
1 398 91 350
1 193 700 473
1 786 667 858
1 518 812 693
1 422 409 315
1 823 323 948
0 705 833 828
0 189 418 265
1 476 694 430
0 230 525 547
1 976 997 844
1 131 720 204
1 634 95 190
1 164 828 34
1 25 339 54
0 605 100 213
1 592 368 967
1 399 737 581
1 687 651 130
0 401 699 978
1 144 260 420
0 523 810 513
1 998 215 715
0 100 82 635
0 345 614 856
0 339 214 859
1 887 308 995
0 846 895 489
0 245 17 693
0 346 592 509
0 967 408 961
0 592 121 888
0 940 943 930
0 623 452 27
0 635 846 714
0 583 675 570
0 487 187 296
0 890 869 831
0 770 287 301
0 766 67 841
0 816 961 93
1 247 720 305
0 94 836 228
1 853 740 305
0 91 662 220
1 96 664 223
0 240 263 724
1 242 36 328
0 747 516 811
0 183 598 335
1 78 272 343
1 83 767 701
1 628 345 169
0 205 201 474
0 586 58 577
0 492 210 13
1 94 880 286
1 408 64 453
0 705 833 828
0 707 669 125
0 516 745 127
0 965 979 844
1 548 598 361
1 976 974 299
0 234 497 912
1 45 752 575
0 281 210 308
1 372 346 406
1 786 667 858
1 87 103 382
1 829 353 803
1 295 750 428
0 823 28 538
1 853 864 821
0 921 70 283
1 821 400 624
0 580 712 40
1 12 443 35
1 367 508 115
1 626 911 159
1 751 473 388
1 602 417 776
0 538 224 850
0 568 563 69
1 229 867 835
1 250 893 759
1 96 664 223
1 94 880 286
1 830 703 87
1 50 991 247
0 249 203 517
1 567 918 53
0 634 700 662
1 45 752 575
1 890 16 2
0 316 579 810
0 727 588 566
0 504 7 759
1 299 568 486
1 939 665 479
0 938 994 175
0 412 149 568
1 325 479 892
1 129 299 742
1 251 206 761
1 895 37 884
1 12 920 39
0 378 197 517
0 615 82 131
1 718 228 213
0 719 918 738
0 724 455 417
1 145 196 776
1 301 369 892
0 347 423 662
0 947 568 614
0 866 273 21
1 87 103 382
1 609 369 471
0 504 7 759
0 31 376 573
0 824 699 759
1 982 254 782
1 718 228 213
1 612 126 566
0 105 868 170
1 60 510 234
1 192 606 510
1 838 755 750
1 428 366 218
1 228 361 834
1 58 389 943
1 204 52 669
0 31 376 573
0 88 178 724
1 960 569 447
1 958 25 656
1 315 186 693
1 314 524 7
1 798 714 243
1 823 323 948
1 663 113 393
1 639 788 358
0 491 70 419
1 102 662 430
1 78 272 343
1 141 183 546
0 291 24 248
0 884 992 56
0 652 251 95
1 59 984 466
0 249 185 863
0 596 880 585
0 824 699 759
1 408 846 680
1 324 961 681
0 318 328 235
1 677 903 722
1 504 962 259
1 592 368 967
1 534 632 448
1 889 452 719
1 183 445 736
1 831 897 172
1 854 620 905
1 64 734 358
1 72 942 5
0 484 299 176
1 342 625 518
1 187 576 553
1 727 298 928
0 475 890 201
0 798 759 832
1 792 183 717
1 795 465 161
0 815 653 858
0 490 748 603
1 73 483 154
0 717 278 894
1 81 190 517
1 158 267 139
0 763 544 179
0 349 997 687
0 644 15 222
1 907 251 73
1 94 880 286
1 932 52 504
0 972 964 67
0 293 943 621
1 295 750 428
0 504 7 759
1 764 484 92
1 204 52 669
0 899 43 16
0 836 33 803
1 161 385 988
0 452 722 855
0 769 499 772
0 588 421 560
0 377 882 431
0 8 963 246
1 135 303 793
1 245 816 903
0 529 949 22
0 62 705 61
0 101 366 185
1 245 816 903
0 947 568 614
0 316 213 429
0 388 362 463
0 254 944 871
1 824 346 550
0 719 202 751
0 11 984 828
0 75 101 583
0 105 868 170
1 930 926 980
1 36 795 872
0 318 328 235
0 388 145 950
0 875 40 226
1 930 926 980
1 324 216 625
0 200 696 171
1 36 795 872
0 719 918 738
1 600 28 732
1 440 827 436
1 158 267 139
0 205 113 877
1 149 252 815
1 25 339 54
0 697 85 616
0 174 561 458
0 676 22 992
1 757 227 678
1 829 353 803
1 675 510 368
1 960 569 447
1 866 743 878
0 572 99 434
0 741 889 718
1 601 194 497
1 688 516 28
0 937 333 492
0 39 594 941
0 981 596 412
0 42 168 732
0 791 7 501
1 203 944 703
0 631 610 361
1 775 976 83
1 994 362 270
1 318 414 697
1 598 849 610
0 113 278 805
0 652 251 95
1 228 361 834
0 229 469 642
1 259 699 827
1 31 285 451
0 31 376 573
1 265 316 470
0 250 248 294
0 823 874 988
0 436 489 969
0 316 579 810
0 72 859 451
1 679 790 90
1 932 695 710
1 86 592 952
0 652 107 483
1 956 757 469
1 591 380 167
1 319 251 897
1 204 326 909
0 631 807 461
0 372 253 297
0 165 191 905
0 229 469 642
1 399 737 581
0 935 327 435
1 523 106 846
0 49 609 473
1 722 962 935
1 532 819 464
0 101 366 185
0 189 418 265
0 575 470 436
1 204 326 909
1 473 324 773
0 865 8 214
0 426 101 837
0 970 231 130
0 351 80 758
1 251 206 761
0 572 99 434
1 384 11 208
1 922 102 115
1 622 852 737
0 967 86 182
1 600 28 732
1 574 208 439
1 27 774 318
1 350 837 349
0 644 15 222
0 257 193 959
1 473 689 709
1 181 523 964
0 8 37 718
1 853 864 821
0 39 594 941
1 356 383 636
0 222 176 210
0 631 610 361
1 809 292 97
0 317 404 877
1 316 140 197
0 462 352 878
0 935 327 435
1 932 52 504
0 205 201 474
0 680 921 366
0 381 889 15
0 18 353 814
1 799 572 264
0 962 679 787
1 701 492 570
0 18 353 814
0 596 524 791
0 976 986 928
0 748 686 521
1 179 137 128
0 227 739 434
0 46 796 496
1 293 798 590
0 338 356 930
0 799 385 251
0 806 655 357
1 602 417 776
1 657 293 886
0 388 145 950
1 298 806 806
0 951 4 866
1 976 274 525
1 528 418 678
0 261 427 401
1 974 461 507
1 159 694 930
1 227 833 741
0 388 145 950
0 320 865 454
-1
