0 569 896 64
0 569 896 64
0 667 228 356
0 293 226 708
1 34 479 545
0 562 884 537
1 34 479 545
0 644 915 22
1 851 408 453
0 162 597 556
1 851 408 453
1 864 681 966
1 979 682 367
1 864 681 966
1 864 681 966
0 818 586 702
0 109 11 544
0 562 884 537
0 528 461 195
0 569 896 64
0 667 228 356
1 355 987 792
0 562 884 537
1 637 707 303
0 162 597 556
0 562 884 537
0 498 268 544
1 979 682 367
1 900 42 380
1 266 497 282
0 667 228 356
0 667 228 356
1 977 0 926
0 911 159 990
1 751 473 388
0 604 818 711
0 528 461 195
0 176 704 374
0 72 267 67
0 979 436 603
0 818 586 702
0 667 228 356
1 824 907 793
1 218 639 788
0 265 192 863
0 135 476 124
0 528 461 195
1 700 780 223
1 17 958 25
1 824 907 793
1 654 657 622
0 265 192 863
0 227 693 783
0 293 226 708
1 266 497 282
1 824 774 957
0 580 51 889
0 592 952 591
0 285 410 773
1 654 657 622
0 654 182 736
1 561 691 186
0 486 529 733
0 580 51 889
1 84 541 439
1 481 103 296
0 498 268 544
0 562 884 537
1 46 867 208
0 171 650 606
0 764 983 9
0 285 410 773
1 700 780 223
1 17 958 25
1 386 348 948
1 275 250 629
1 409 316 702
0 498 268 544
1 672 783 21
1 910 736 803
1 51 659 204
0 833 366 863
0 103 754 776
0 44 886 777
0 719 15 476
0 931 218 768
1 429 621 314
0 680 921 366
0 940 258 282
0 654 182 736
0 320 865 454
0 227 693 783
0 562 884 537
0 72 267 67
0 116 469 892
1 429 621 314
1 48 184 783
0 528 461 195
0 492 210 13
0 667 228 356
1 626 436 437
1 386 348 948
0 165 190 311
1 600 446 208
0 492 210 13
0 398 350 954
0 391 498 534
1 169 152 134
1 299 762 786
0 118 323 93
0 265 192 863
1 184 94 880
0 528 461 195
0 37 782 631
1 600 446 208
0 44 886 777
0 281 210 308
1 788 626 984
1 393 476 694
0 569 896 64
1 620 678 651
1 46 867 208
1 144 395 945
0 256 873 50
1 211 186 815
1 327 917 379
0 162 597 556
1 652 371 777
0 980 136 91
1 561 691 186
1 218 639 788
0 189 139 721
0 293 226 708
1 644 444 70
1 880 980 762
0 686 521 345
1 319 463 608
0 931 218 768
0 492 210 13
1 902 971 395
0 377 965 979
0 940 258 282
0 717 278 894
0 998 362 697
1 48 184 783
1 393 476 694
1 184 94 880
1 331 469 890
1 824 774 957
0 322 196 646
0 576 154 478
1 384 87 523
0 262 826 760
1 651 362 763
1 135 660 296
0 492 570 248
1 644 444 70
0 253 723 506
0 44 886 777
1 163 883 397
1 851 408 453
1 446 735 368
0 135 476 124
0 911 159 990
0 911 159 990
0 293 226 708
0 391 498 534
1 779 111 63
0 165 190 311
0 109 11 544
1 851 408 453
1 102 954 629
0 830 358 667
0 730 635 846
0 387 495 275
1 355 987 792
0 39 594 941
1 896 551 462
0 821 400 993
1 348 576 284
0 62 705 61
1 549 154 45
0 797 906 103
1 446 735 368
0 109 11 544
0 580 51 889
1 637 707 303
0 148 717 293
0 833 366 863
0 229 14 653
0 165 627 157
0 130 632 523
1 318 256 776
0 44 886 777
0 633 973 195
0 118 323 93
1 48 184 783
0 63 847 736
0 301 368 130
1 211 186 815
1 102 954 629
0 603 48 859
1 250 146 704
1 549 154 45
1 342 625 518
0 911 159 990
1 626 436 437
1 730 930 926
1 631 25 788
1 333 875 405
0 58 97 302
0 554 286 410
1 2 611 607
1 253 634 700
1 253 634 700
1 602 878 932
0 656 541 670
0 404 567 134
0 377 965 979
0 87 342 179
0 523 795 282
1 216 505 370
0 322 196 646
1 732 15 467
1 634 95 190
1 251 206 761
0 277 452 294
1 518 759 277
1 114 556 247
0 173 866 186
0 198 206 354
0 256 358 439
0 62 705 61
0 618 33 432
0 487 373 189
0 719 15 476
0 387 910 994
0 96 147 462
1 832 549 685
1 450 965 997
0 320 865 454
0 995 485 922
0 636 465 104
0 229 14 653
0 72 267 67
1 429 621 314
1 814 316 579
0 162 597 556
1 979 682 367
0 482 118 45
1 73 398 91
0 527 767 205
1 287 541 713
1 0 168 766
1 12 773 644
1 280 187 22
1 864 681 966
0 106 655 617
1 331 469 890
1 414 697 873
1 366 218 444
1 12 773 644
0 940 943 930
0 717 278 894
1 268 247 720
0 419 179 234
0 171 11 852
0 463 468 692
0 633 876 434
0 262 826 760
1 695 639 853
0 253 723 506
0 305 592 368
1 63 133 943
0 378 26 94
0 827 264 340
0 979 533 398
0 256 358 439
1 918 810 465
1 785 566 652
0 970 231 130
1 394 259 738
0 991 191 677
0 90 760 109
0 109 11 544
1 275 345 950
1 268 247 720
0 538 162 956
1 866 893 110
0 387 910 994
1 203 517 398
0 744 442 207
1 133 153 363
1 2 611 607
1 448 422 373
0 277 222 176
1 380 446 870
1 672 783 21
0 871 916 575
0 14 340 93
0 541 748 730
0 9 635 656
1 896 551 462
1 788 626 984
0 528 461 195
1 917 446 103
1 833 591 394
0 769 499 772
0 188 870 229
0 739 407 338
1 549 154 45
0 130 632 523
1 751 473 388
0 578 547 657
1 886 424 824
0 435 288 437
0 603 48 859
1 470 854 251
1 561 691 186
0 830 358 667
1 549 154 45
0 618 33 432
1 722 473 820
0 868 404 249
0 285 410 773
0 627 731 982
0 603 48 859
1 435 24 617
1 779 111 63
0 783 75 701
0 281 210 308
0 676 715 290
0 859 909 231
1 638 287 41
0 54 479 794
1 864 681 966
1 832 549 685
0 278 227 866
0 829 646 162
0 571 731 572
1 144 395 945
1 8 506 807
1 238 487 87
0 528 461 195
1 846 984 774
0 506 226 229
0 506 226 229
1 774 426 707
1 573 709 718
1 227 558 375
0 976 83 52
0 281 126 480
0 625 657 590
1 164 828 34
1 927 881 989
0 223 164 672
1 474 769 64
0 419 803 24
0 626 210 770
1 233 38 955
0 942 995 293
0 739 202 733
0 101 837 915
1 114 556 247
1 327 917 379
1 538 472 728
1 824 907 793
0 622 268 835
1 846 984 774
0 93 107 373
0 580 712 40
0 261 83 767
0 748 799 987
1 266 497 282
1 125 206 332
1 620 438 712
0 374 763 697
0 499 789 726
0 171 650 606
1 771 305 16
1 941 499 309
0 62 482 382
0 756 549 271
0 908 982 118
1 135 660 296
1 539 144 775
0 994 998 215
1 698 99 565
0 115 262 72
1 620 438 712
1 169 152 134
1 326 949 266
0 222 346 667
0 951 630 458
1 450 669 550
0 951 164 546
0 580 51 889
1 530 757 363
0 662 779 569
0 866 970 760
1 89 250 893
0 440 359 829
1 880 980 762
0 717 278 894
0 496 851 71
0 761 206 781
0 221 751 72
1 714 796 149
0 223 164 672
1 114 556 247
0 90 760 109
0 827 264 340
1 135 660 296
0 602 420 854
1 462 696 503
1 727 298 928
0 49 609 473
0 499 789 726
0 990 630 681
0 327 473 324
0 609 76 829
0 991 198 360
0 976 83 52
0 137 940 719
1 736 978 408
0 451 557 235
0 65 414 156
1 518 759 277
0 668 551 641
1 393 476 694
0 553 687 141
1 902 971 395
0 599 382 633
0 609 76 829
1 71 38 414
1 819 464 912
1 464 483 569
1 523 106 846
1 290 735 638
1 809 44 44
0 748 799 987
1 386 892 873
0 347 423 662
1 772 4 162
0 877 949 181
1 561 691 186
0 381 977 574
1 286 682 53
0 22 192 324
0 296 494 670
1 621 650 896
0 780 739 593
1 169 152 134
1 48 184 783
0 672 532 712
1 208 39 297
0 796 325 479
0 387 495 275
0 681 791 659
0 277 222 176
1 751 473 388
1 175 259 73
0 220 506 805
0 361 834 952
0 911 159 990
1 648 972 66
0 38 950 703
0 833 741 609
1 530 757 363
1 962 523 895
0 710 789 581
0 265 800 887
0 202 751 420
1 757 314 524
1 696 203 944
1 809 44 44
1 227 618 232
0 169 203 453
1 825 782 137
1 451 539 266
0 469 564 659
1 610 319 251
0 980 859 526
1 568 387 686
1 354 546 923
0 347 423 662
0 38 950 703
1 46 867 208
1 53 660 909
0 762 439 809
0 9 635 656
0 761 206 781
0 418 165 191
1 206 375 401
1 780 658 459
1 73 398 91
1 384 87 523
1 879 367 796
0 962 259 410
1 736 978 408
1 831 897 172
0 587 774 333
0 631 807 461
1 414 697 873
0 388 145 950
1 106 945 23
0 173 866 186
0 799 381 627
0 931 218 768
1 750 428 773
0 951 630 458
1 122 13 951
1 976 829 55
0 683 253 943
1 469 792 170
1 610 122 958
1 767 950 176
0 475 890 201
0 628 910 191
1 444 503 433
0 144 668 532
0 541 748 730
1 410 795 799
0 951 164 546
0 710 789 581
1 275 345 950
1 396 81 897
0 75 101 583
0 607 188 799
1 506 712 440
1 253 634 700
1 640 344 118
1 227 558 375
0 553 687 141
1 507 233 8
1 272 505 26
0 622 268 835
0 796 325 479
0 119 207 546
1 86 762 836
1 866 724 607
0 820 991 751
0 610 963 976
0 106 655 617
1 823 323 948
1 342 625 518
1 767 950 176
1 814 316 579
0 791 671 297
1 427 706 88
1 380 446 870
0 72 267 67
1 269 172 429
0 739 623 452
1 293 798 590
0 400 721 770
0 607 419 25
1 381 670 682
0 670 22 615
0 868 404 249
0 144 744 600
0 262 826 760
1 618 771 696
1 541 735 987
0 237 803 588
1 408 961 694
0 256 873 50
1 652 371 777
0 38 950 703
1 976 829 55
1 265 316 470
0 979 533 398
1 976 274 525
0 275 370 460
0 912 159 694
1 153 100 798
1 54 317 228
0 436 202 177
1 872 653 62
1 290 735 638
1 54 317 228
0 39 144 51
0 398 350 954
0 634 557 622
0 404 393 922
0 96 917 66
1 178 916 36
1 75 772 889
0 523 795 282
1 351 909 720
0 125 970 762
0 942 995 293
0 395 513 648
0 421 560 458
0 351 123 973
1 44 332 942
0 786 312 373
0 950 316 213
0 952 543 307
1 269 172 429
0 144 697 8
1 53 618 580
1 140 745 555
0 569 896 64
0 730 635 846
1 466 161 686
1 648 972 66
1 3 325 435
1 680 866 675
0 924 109 481
0 654 182 736
1 597 860 81
0 538 162 956
1 297 291 24
0 38 950 703
1 400 624 203
1 251 707 40
0 401 72 711
1 835 564 81
1 823 100 25
0 293 226 708
1 473 264 656
1 84 472 522
0 866 970 760
1 724 976 974
0 130 632 523
0 548 861 25
1 577 223 124
0 766 171 273
0 841 926 962
0 939 658 669
1 712 265 274
1 84 472 522
1 596 218 545
1 31 285 451
1 831 897 172
1 673 3 215
0 237 11 406
1 470 854 251
0 265 372 253
0 911 159 990
1 568 790 897
0 52 604 191
1 618 771 696
0 739 202 733
1 833 591 394
1 653 808 660
1 277 301 593
0 784 240 466
1 250 146 704
1 78 344 377
1 84 472 522
0 423 338 6
0 600 31 264
0 418 165 191
1 785 753 993
1 866 110 67
1 73 398 91
1 31 285 451
1 67 926 156
1 712 265 274
1 930 963 615
1 745 298 634
0 553 646 713
1 437 160 487
1 785 566 652
0 253 723 506
0 977 957 407
1 729 581 937
1 303 793 333
0 212 62 811
0 366 100 82
0 980 859 526
0 479 250 20
1 601 194 497
0 10 508 72
0 405 496 964
1 652 371 777
0 666 197 403
1 467 82 76
0 221 751 72
0 176 859 937
0 301 368 130
1 518 812 693
1 422 409 315
1 448 422 373
0 705 833 828
0 198 206 354
0 17 917 560
1 183 349 669
1 984 652 251
1 648 972 66
1 930 963 615
0 517 764 357
0 265 192 863
0 783 75 701
1 864 681 966
0 336 797 585
1 822 597 74
0 554 286 410
1 870 752 715
1 386 348 948
1 213 132 60
0 576 553 853
1 171 598 436
1 339 345 614
1 596 218 545
0 276 887 308
0 947 122 389
1 43 887 715
0 315 575 31
0 95 117 490
1 290 735 638
0 350 556 785
1 140 745 555
1 866 110 67
1 102 662 430
1 365 247 706
0 554 286 410
0 829 646 162
1 288 144 783
1 790 90 200
0 816 961 93
0 799 385 251
0 202 751 420
0 669 853 740
0 528 461 195
0 744 442 207
1 35 813 555
0 276 887 308
0 747 516 811
0 552 723 439
0 995 78 272
1 87 8 37
0 790 532 628
0 991 191 677
0 183 598 335
1 810 956 757
1 218 639 788
0 405 266 378
1 725 261 686
1 351 909 720
1 31 285 451
1 523 106 846
1 549 330 430
1 321 86 245
1 450 669 550
1 973 599 569
0 485 440 830
0 132 287 878
0 397 401 394
0 256 873 50
0 576 553 853
1 372 346 406
0 872 235 460
1 28 538 856
1 756 598 835
1 175 70 898
0 699 315 551
0 614 189 967
0 204 688 516
1 610 319 251
0 487 187 296
0 51 467 723
1 351 909 720
1 289 645 838
1 299 762 786
0 3 138 976
0 475 890 201
0 29 17 259
1 910 736 803
1 831 897 172
0 746 87 14
0 49 609 473
1 220 673 926
1 530 757 363
0 162 597 556
1 696 203 944
1 535 649 73
1 8 506 807
1 12 443 35
1 414 697 873
1 854 960 574
1 225 939 665
1 457 197 609
0 625 657 590
1 144 395 945
1 866 743 878
0 263 646 475
1 859 687 895
1 225 587 72
0 485 727 20
1 98 524 630
0 947 122 389
1 883 692 520
0 381 778 613
0 790 532 628
1 145 196 776
1 301 369 892
0 209 283 920
1 853 864 821
0 113 278 805
1 538 472 728
0 341 826 418
0 405 266 378
1 728 149 149
0 437 867 481
0 821 400 993
0 849 26 354
0 182 105 159
1 163 883 397
1 561 691 186
0 186 236 408
1 388 689 402
0 281 895 568
1 632 236 584
1 979 682 367
0 336 797 585
0 52 669 246
0 261 83 767
1 34 479 545
0 204 688 516
1 187 671 307
0 693 398 109
1 355 216 925
1 714 243 899
1 343 507 951
1 991 449 632
0 777 56 542
0 212 62 811
1 635 204 92
1 335 772 161
1 387 147 141
1 222 311 855
1 680 866 675
0 936 412 184
0 868 404 249
0 466 938 180
1 273 988 468
0 448 272 806
1 896 527 995
1 408 846 680
1 654 657 622
0 970 327 105
0 256 358 439
0 580 712 40
0 668 551 641
1 949 990 335
1 889 452 719
1 545 470 282
0 70 270 819
1 862 314 854
0 602 420 854
0 777 139 908
1 423 484 299
0 769 458 433
0 640 171 725
0 935 379 290
1 354 625 245
1 787 195 650
0 352 115 57
0 147 658 899
1 795 465 161
0 815 653 858
0 670 22 615
1 447 338 893
0 237 11 406
0 499 281 286
0 662 779 569
0 408 763 544
0 514 591 491
1 170 893 743
1 907 251 73
0 78 702 716
1 750 665 495
1 977 907 972
0 322 682 755
1 518 812 693
0 943 765 665
0 106 655 617
1 92 978 847
0 258 1 890
0 16 110 726
0 677 770 381
0 44 886 777
0 597 206 59
1 625 576 581
1 941 361 772
0 882 431 839
1 331 469 890
1 618 771 696
0 746 87 14
0 381 977 574
1 669 806 479
1 185 982 704
0 642 377 664
1 184 94 880
1 931 398 644
0 712 424 105
0 381 778 613
1 746 943 879
1 272 505 26
0 237 637 534
0 430 830 342
0 484 875 429
0 816 961 93
0 524 746 584
0 628 661 34
1 257 300 133
1 973 599 569
0 487 25 557
0 355 295 164
0 998 362 697
0 970 231 130
1 866 893 110
0 575 470 501
1 351 909 720
1 672 153 652
1 270 217 272
0 610 963 976
1 31 285 451
0 876 941 228
1 752 768 21
0 174 561 458
0 676 22 992
0 475 890 201
1 698 99 565
1 539 28 779
1 549 473 689
1 831 897 172
1 796 568 572
1 410 26 741
1 340 745 316
0 575 886 976
1 348 576 284
1 562 983 851
1 367 695 414
1 287 541 713
1 74 127 614
0 791 7 501
0 606 14 981
0 514 591 491
0 844 31 432
0 768 781 929
0 743 433 125
1 627 11 666
0 607 188 799
1 334 750 447
1 132 217 918
0 732 531 805
1 837 529 32
1 699 827 420
1 388 689 402
0 505 155 652
0 928 812 221
1 248 294 841
1 874 988 84
0 667 228 356
1 521 714 744
0 351 689 75
0 562 985 623
0 523 795 282
0 105 222 684
1 158 433 961
1 483 367 570
1 626 436 437
0 803 254 213
0 769 499 772
0 168 70 707
1 50 991 247
1 991 449 632
0 62 482 382
1 227 618 232
1 502 338 795
0 44 886 777
1 772 4 162
1 275 250 629
0 962 47 544
0 881 616 735
0 633 973 195
0 411 618 626
0 604 818 711
1 654 145 826
0 879 215 836
0 387 910 994
0 995 78 272
1 949 990 335
0 753 677 223
0 506 226 229
1 234 322 734
0 352 115 57
1 384 11 208
1 182 808 588
1 266 255 181
0 632 81 286
0 921 481 152
1 457 197 609
1 145 196 776
0 147 658 899
0 558 858 168
-1
