0 569 896 64
0 569 896 64
0 569 896 64
0 562 884 537
0 667 228 356
0 545 120 979
0 569 896 64
0 747 851 255
1 145 353 162
0 667 228 356
0 747 851 255
1 226 708 732
0 667 228 356
0 545 120 979
1 226 708 732
1 569 135 476
1 436 462 435
0 109 11 544
0 569 896 64
0 747 851 255
0 109 11 544
0 667 228 356
1 599 818 586
1 145 353 162
1 792 183 717
1 915 795 103
1 461 195 382
1 436 462 435
1 780 223 161
1 166 169 498
1 145 353 162
1 538 472 728
0 405 932 695
0 190 210 788
1 915 795 103
1 436 462 435
0 979 436 603
0 462 478 907
0 979 436 603
0 251 22 192
0 148 717 293
1 75 546 604
0 363 742 900
0 569 896 64
0 575 470 436
0 109 11 544
1 421 72 267
0 979 436 603
1 365 76 184
1 977 0 926
0 707 669 125
1 703 290 972
1 461 195 382
1 873 222 78
1 436 462 435
1 599 818 586
1 436 462 435
1 639 788 358
0 462 478 907
0 65 266 497
1 824 907 793
1 761 562 306
0 495 554 994
1 958 25 656
0 363 742 900
0 983 9 246
0 575 470 436
0 562 884 537
0 983 9 246
1 348 948 557
1 824 907 793
0 736 916 228
0 786 987 250
1 824 907 793
0 15 476 437
1 41 663 113
0 716 614 321
0 979 436 603
1 481 103 296
1 622 852 737
0 27 516 434
1 348 948 557
0 562 884 537
0 592 952 591
1 251 105 93
1 703 290 972
1 382 383 766
1 824 907 793
1 388 535 739
1 75 546 604
0 109 11 544
1 545 416 96
0 495 554 994
0 80 336 910
0 523 810 513
0 190 311 748
0 212 84 541
1 219 248 265
1 824 907 793
0 575 470 436
1 954 341 976
0 65 266 497
0 608 492 210
1 622 852 737
1 954 341 976
1 915 795 103
0 866 675 894
0 346 592 509
0 462 478 907
1 545 416 96
0 575 470 436
0 983 9 246
1 759 843 486
0 796 325 479
1 219 248 265
1 435 131 22
1 794 868 404
0 576 154 478
1 21 109 233
1 166 169 498
0 433 580 51
0 635 463 527
0 359 690 48
0 623 44 886
0 825 632 694
1 761 562 306
1 166 169 498
1 414 749 408
0 562 884 537
1 461 195 382
0 545 120 979
0 371 501 191
0 27 516 434
0 495 554 994
0 866 675 894
1 732 15 467
0 410 773 226
0 786 987 250
0 256 873 50
1 569 135 476
0 576 154 478
1 538 472 728
1 732 751 169
0 37 782 631
1 701 492 570
1 166 169 498
0 866 675 894
1 880 980 762
0 371 501 191
0 204 459 979
0 569 896 64
1 421 72 267
0 667 228 356
1 61 225 589
0 592 952 591
1 580 314 361
1 11 199 189
0 635 463 527
0 121 888 299
1 229 513 717
0 629 46 834
0 667 610 469
1 954 341 976
0 196 646 545
0 629 46 834
1 776 39 586
0 363 742 900
1 229 513 717
0 525 547 202
1 651 389 670
1 75 546 604
1 163 883 397
0 545 120 979
0 271 295 490
1 141 708 452
1 458 182 50
0 523 810 513
0 14 653 785
0 629 46 834
0 623 44 886
0 877 272 648
1 450 669 550
1 603 278 620
0 281 210 308
0 148 717 293
0 736 916 228
1 538 472 728
0 592 952 591
0 387 495 275
1 250 146 704
0 363 742 900
0 148 717 293
0 962 730 273
1 202 852 377
1 331 469 890
1 748 253 723
0 31 601 327
0 866 675 894
0 387 495 275
1 382 383 766
0 360 785 463
1 319 251 897
1 481 103 296
1 450 669 550
0 462 478 907
0 360 785 463
0 159 990 374
0 370 889 273
1 795 282 126
1 2 611 607
0 983 9 246
1 458 182 50
1 837 678 932
0 667 228 356
1 866 186 851
0 206 354 388
1 626 436 437
1 915 795 103
1 866 660 767
0 608 492 210
1 438 928 135
1 555 291 45
0 475 890 201
0 839 517 450
1 2 611 607
1 163 883 397
1 545 416 96
0 562 884 537
1 703 290 972
1 2 611 607
1 814 316 579
0 319 230 331
1 21 644 444
0 983 9 246
1 145 353 162
0 371 501 191
1 245 775 211
1 73 398 91
0 326 909 833
1 451 448 277
0 621 314 58
1 461 195 382
0 366 772 546
1 366 218 444
0 707 669 125
1 759 843 486
0 921 697 896
0 326 909 833
1 202 852 377
0 473 754 670
0 667 610 469
1 555 291 45
1 302 483 421
0 326 909 833
1 342 625 518
0 27 516 434
0 608 49 662
1 541 670 242
1 382 383 766
1 481 103 296
0 37 782 631
1 388 535 739
1 247 720 305
0 677 237 208
0 366 100 82
1 458 182 50
0 694 638 641
0 65 266 497
0 475 890 201
0 796 325 479
1 651 389 670
0 631 610 361
1 153 363 556
0 370 889 273
1 422 373 152
1 880 980 762
0 410 773 226
0 387 518 759
1 870 589 240
1 837 678 932
0 15 476 437
1 760 593 296
1 348 576 284
0 15 476 437
1 446 103 179
0 9 635 656
0 387 495 275
1 736 392 801
0 366 772 546
0 623 44 886
1 732 15 467
1 287 673 3
0 635 463 527
1 759 843 486
0 770 381 484
1 154 45 752
1 141 708 452
0 637 534 842
1 702 870 185
1 382 821 400
1 722 473 820
1 421 72 267
1 319 251 897
1 702 870 185
0 896 315 106
1 461 195 382
1 626 436 437
0 979 436 603
1 215 872 866
0 24 254 944
1 100 93 107
0 560 704 882
0 9 635 656
0 970 231 130
0 148 717 293
1 542 327 824
0 731 572 952
1 639 788 358
1 154 45 752
0 896 315 106
0 115 636 465
0 644 15 222
0 185 625 657
0 506 807 409
1 509 203 927
1 358 439 736
0 256 873 50
1 186 998 362
1 491 993 61
1 943 879 201
1 761 562 306
0 9 635 656
1 226 708 732
1 497 709 626
0 566 652 503
0 940 943 930
0 608 492 210
0 196 646 545
0 634 700 662
1 837 722 791
1 792 183 717
1 845 511 100
1 67 535 376
0 899 973 559
1 233 38 955
1 21 644 444
0 541 713 919
1 866 660 767
1 41 663 113
0 171 650 606
1 828 34 259
0 921 697 896
1 478 940 320
1 771 305 16
1 115 140 129
1 363 602 878
1 438 928 135
0 65 266 497
0 569 896 64
0 212 84 541
1 509 203 927
0 281 210 308
0 629 374 599
0 976 83 52
1 569 850 16
0 387 518 759
1 75 546 604
0 629 46 834
0 596 524 791
0 991 577 252
1 812 221 338
1 336 88 225
1 703 290 972
0 440 359 829
1 760 593 296
1 234 847 545
0 410 773 226
0 438 712 835
0 214 859 909
1 438 928 135
1 828 34 259
0 78 229 866
0 770 381 484
1 331 469 890
1 873 222 78
0 621 314 58
1 635 169 7
1 828 34 259
0 362 270 153
1 459 458 425
1 845 511 100
0 506 807 409
0 433 580 51
1 452 628 661
1 186 998 362
0 502 633 876
0 370 889 273
0 622 268 835
1 88 887 845
1 545 301 790
0 575 470 436
0 47 336 541
0 271 497 574
0 330 387 352
1 202 852 377
1 532 819 464
0 634 700 662
1 706 583 675
1 277 115 748
0 622 268 835
1 800 267 453
0 676 484 964
1 461 195 382
0 832 499 380
0 31 601 327
0 259 738 73
1 365 76 184
0 360 785 463
0 391 170 893
1 387 686 824
0 249 203 517
1 732 751 169
1 892 982 188
0 487 105 587
0 259 738 73
1 791 468 650
0 716 614 321
1 915 795 103
1 841 947 122
0 395 805 235
0 15 476 437
0 361 834 952
1 336 88 225
1 873 222 78
0 119 207 546
0 111 63 306
0 109 11 544
1 181 523 964
0 164 505 54
0 833 741 609
0 592 952 591
0 171 650 606
0 747 851 255
1 4 162 975
1 933 275 506
0 629 46 834
0 266 899 237
1 181 523 964
0 9 635 656
1 83 767 701
1 599 818 586
0 896 315 106
0 37 782 631
1 83 767 701
1 272 505 26
1 591 394 842
0 772 525 884
1 149 819 690
1 251 105 93
1 837 722 791
1 954 341 976
1 450 669 550
0 782 137 296
1 930 926 980
1 363 602 878
0 940 943 930
0 774 333 453
1 635 169 7
0 405 496 964
1 950 292 369
1 866 660 767
0 25 329 455
0 627 39 732
1 892 982 188
0 773 165 869
1 943 879 201
1 599 603 48
0 931 218 768
1 779 698 99
0 312 649 783
1 331 469 890
0 271 295 490
0 910 191 558
0 234 410 15
0 449 368 169
1 277 115 748
1 458 813 55
0 581 834 6
0 319 230 331
1 244 505 596
1 200 588 75
1 453 477 496
0 78 229 866
0 54 578 547
0 249 203 517
1 739 593 305
1 541 670 242
1 497 709 626
0 401 72 711
0 839 673 189
0 832 64 286
0 356 58 336
0 410 773 226
0 220 72 864
0 773 165 869
0 963 976 169
0 661 877 312
0 388 362 463
0 635 463 527
1 892 982 188
1 234 847 545
1 549 685 151
1 491 993 61
0 839 673 189
0 647 930 126
1 542 327 824
0 622 268 835
0 31 601 327
1 11 199 189
0 931 218 768
1 732 15 467
0 984 193 757
1 941 499 309
0 635 463 527
0 54 578 547
1 302 483 421
1 229 513 717
1 951 780 880
1 114 556 247
0 86 711 849
1 348 948 557
0 940 943 930
0 255 678 391
0 347 423 662
1 915 795 103
1 930 446 899
0 576 154 478
1 250 146 704
0 222 176 210
1 207 517 526
0 219 176 859
1 5 371 374
1 358 439 736
1 523 106 846
0 979 436 603
0 575 470 436
0 362 270 153
0 608 49 662
0 561 7 668
0 328 235 426
0 206 781 815
0 788 950 973
0 963 976 169
0 54 578 547
1 351 909 720
0 772 525 884
1 845 50 942
1 603 278 620
1 81 887 144
0 256 873 50
1 954 341 976
1 886 424 824
1 238 442 602
1 545 416 96
0 25 329 455
1 681 161 995
0 400 721 770
1 422 373 152
1 597 860 81
0 214 859 909
1 402 304 797
1 75 546 604
0 917 293 660
0 71 156 645
1 933 275 506
1 348 576 284
0 566 652 503
0 419 25 739
1 491 993 61
0 829 646 162
1 724 976 974
1 682 131 185
1 699 978 412
0 395 805 235
0 446 208 209
1 962 683 651
1 669 459 452
0 503 433 916
1 144 260 420
1 757 227 678
1 985 751 757
0 694 73 483
1 857 191 853
1 977 0 926
1 250 146 704
0 449 368 169
0 773 165 869
0 954 48 393
1 603 278 620
1 19 280 872
1 760 469 792
1 864 15 837
0 33 803 43
0 528 689 196
0 395 805 235
0 648 951 588
1 149 819 690
1 491 993 61
0 677 237 208
0 402 440 215
0 984 193 757
0 438 712 835
1 639 788 358
1 156 878 756
1 977 892 292
0 615 82 131
0 568 486 255
1 795 282 126
1 143 946 415
1 696 143 740
0 616 735 507
1 88 887 845
1 251 105 93
1 639 788 358
1 703 87 419
0 238 727 3
0 479 250 20
0 829 646 162
0 502 633 876
0 599 330 41
1 828 34 259
0 219 176 859
1 34 864 38
1 774 303 472
0 647 930 126
0 423 813 448
0 359 690 48
0 315 608 491
0 770 381 484
1 794 868 404
1 156 878 756
1 837 75 772
0 324 759 984
1 297 180 749
0 115 636 465
0 388 362 463
0 943 865 745
0 661 877 312
1 435 131 22
1 317 336 797
0 548 861 25
0 366 100 82
1 870 752 715
0 896 315 106
0 322 198 161
0 256 873 50
0 592 952 591
0 249 203 517
1 266 725 816
0 371 501 191
0 635 463 527
0 315 575 31
0 95 117 490
0 908 946 967
1 124 478 477
1 81 286 666
0 315 608 491
1 938 58 187
1 114 556 247
1 478 940 320
1 767 950 176
1 163 883 397
1 567 918 53
0 839 517 450
1 523 106 846
0 82 76 788
1 695 639 853
0 931 218 768
0 489 765 730
0 6 105 681
0 747 516 811
1 467 50 230
1 78 272 343
1 251 105 93
0 541 713 919
0 839 673 189
1 687 698 660
1 760 469 792
1 804 250 504
1 74 573 315
0 890 869 831
0 637 534 842
0 426 101 837
0 301 48 743
1 671 992 355
0 271 295 490
1 115 140 129
0 485 440 830
1 951 780 880
1 387 686 824
1 866 186 851
1 366 218 444
0 667 228 356
1 114 556 247
1 809 292 97
0 829 646 162
1 673 393 762
1 438 928 135
1 0 327 473
0 635 463 527
1 227 618 232
0 608 492 210
1 250 146 704
1 422 373 152
0 880 730 301
0 832 64 286
0 206 354 388
1 725 399 973
0 523 895 808
1 90 200 317
0 631 610 361
1 461 507 676
0 315 575 31
0 712 367 828
0 896 315 106
0 234 410 15
1 215 872 866
1 4 162 975
1 133 682 755
1 553 853 524
0 523 895 808
0 548 861 25
0 622 268 835
0 739 202 733
0 419 25 739
1 805 255 160
1 895 37 884
0 346 667 639
0 246 344 487
0 487 105 587
1 845 511 100
1 687 118 83
0 724 455 417
1 525 242 36
1 954 341 976
1 81 286 666
0 614 664 668
1 422 373 152
1 814 316 579
0 281 210 308
1 864 63 141
0 812 693 864
1 354 129 507
1 330 905 784
1 384 415 345
1 302 483 421
0 896 315 106
0 979 436 603
1 689 86 994
0 212 84 541
0 866 675 894
1 604 191 191
1 591 394 842
0 523 810 513
0 88 178 724
0 796 325 479
1 219 248 265
0 623 44 886
1 915 795 103
1 668 416 554
1 776 39 586
0 436 252 468
0 95 117 490
0 559 425 635
0 154 638 335
1 154 45 752
0 770 381 484
1 915 795 103
1 305 72 473
1 977 0 926
0 712 367 828
1 672 717 860
1 759 843 486
0 626 992 958
1 358 439 736
0 426 101 837
0 523 810 513
1 274 525 12
1 504 232 440
1 67 535 376
1 163 883 397
1 369 892 688
1 892 982 188
0 866 430 287
1 768 683 361
0 899 973 559
1 759 631 914
0 148 717 293
0 458 900 276
0 33 803 43
1 409 627 354
0 54 968 506
0 438 712 835
1 938 180 583
1 707 40 568
1 977 892 292
1 115 140 129
0 621 890 16
1 695 639 853
1 555 291 45
0 347 423 662
0 566 652 503
1 792 183 717
1 90 200 317
0 856 913 981
1 964 67 322
0 623 44 886
0 866 430 287
0 877 272 648
1 74 191 879
1 382 383 766
1 317 336 797
1 186 998 362
1 157 154 560
0 233 237 803
0 719 918 738
1 985 377 882
1 145 196 776
1 145 353 162
0 128 946 465
0 518 7 763
1 748 253 723
1 710 757 342
0 707 669 125
0 475 890 201
1 365 76 184
0 319 230 331
1 864 15 837
1 88 887 845
1 621 650 896
1 478 940 320
0 854 654 484
1 509 203 927
0 645 853 524
1 286 309 338
0 635 463 527
0 80 336 910
1 462 487 25
1 842 43 315
1 45 5 593
1 703 290 972
1 163 883 397
0 169 421 635
1 549 685 151
1 645 123 604
1 794 261 584
1 580 684 624
1 135 303 793
0 551 982 562
1 83 767 701
1 749 832 676
0 363 742 900
0 940 943 930
1 821 400 624
1 780 549 473
0 475 890 201
1 365 76 184
1 410 26 741
0 899 798 330
0 510 368 706
0 472 820 991
0 71 156 645
0 495 554 994
0 204 683 549
1 450 11 809
1 645 847 658
0 79 915 838
0 854 654 484
1 938 58 187
0 24 254 944
0 243 899 522
0 974 193 105
0 908 965 534
1 821 400 624
0 645 853 524
0 645 853 524
0 397 401 394
0 621 314 58
0 328 235 426
1 817 300 250
1 721 487 187
1 185 848 824
1 838 807 597
0 259 738 73
1 569 135 476
1 880 980 762
1 204 897 102
1 135 303 793
1 435 131 22
0 246 344 487
1 907 251 73
1 317 336 797
0 31 601 327
1 964 67 322
1 525 242 36
0 495 677 903
0 436 489 969
1 895 37 884
0 839 517 450
0 576 154 478
1 981 900 404
1 321 86 245
1 601 194 497
0 987 346 324
1 115 140 129
0 328 235 426
1 34 864 38
0 87 342 179
1 355 216 925
1 597 860 81
0 856 934 485
0 713 197 551
1 779 698 99
1 384 11 208
0 151 184 93
0 907 258 1
1 354 129 507
0 249 203 517
1 149 819 690
1 360 180 252
1 732 113 518
1 805 255 160
1 365 247 706
1 186 693 398
0 253 169 693
0 441 483 402
1 219 248 265
1 115 555 181
1 636 266 527
0 87 14 603
0 271 497 574
1 328 866 743
1 877 146 236
0 849 26 354
1 974 179 998
1 163 883 397
0 734 358 888
0 251 314 516
1 233 38 955
1 330 905 784
0 458 900 276
1 930 926 980
1 608 711 938
0 360 785 463
0 316 470 624
1 273 988 468
0 251 46 840
0 14 928 641
0 111 63 306
1 402 304 797
0 623 44 886
1 549 685 151
0 704 37 504
0 360 785 463
1 273 35 702
0 433 580 51
1 915 795 103
0 569 896 64
1 589 665 516
0 910 154 959
1 476 694 430
1 509 203 927
1 658 899 114
1 707 40 568
1 655 193 328
1 767 950 176
1 724 976 974
1 340 745 316
0 94 836 228
1 366 218 444
0 523 895 808
0 277 939 976
1 350 879 215
0 222 176 210
0 704 37 504
1 604 193 734
0 30 512 864
1 45 5 593
0 631 610 361
1 703 87 419
0 970 231 130
1 421 72 267
1 72 12 443
1 191 82 443
0 119 207 546
0 485 662 246
0 943 865 745
0 528 689 196
1 342 540 157
0 575 470 436
-1
