2 -1 -1 -1
1 485 202 7
2 -1 -1 -1
1 111 164 212
0 428 222 691
1 111 164 212
1 485 202 7
0 125 866 256
0 125 866 256
0 198 912 49
0 125 866 256
0 140 797 221
1 687 589 760
1 695 249 783
0 571 879 306
1 567 655 586
0 748 264 71
0 428 222 691
1 111 164 212
0 125 866 256
1 430 781 112
0 1 422 138
2 -1 -1 -1
0 1 422 138
1 932 414 456
0 748 264 71
2 -1 -1 -1
1 274 711 580
0 571 879 306
0 428 222 691
0 253 476 438
1 521 823 266
0 428 222 691
0 748 264 71
1 863 214 737
0 77 195 391
1 932 414 456
1 695 249 783
2 -1 -1 -1
2 -1 -1 -1
1 780 210 598
1 632 737 180
0 198 912 49
1 43 528 856
1 687 589 760
0 322 667 963
0 140 797 221
0 320 912 465
1 374 403 844
1 932 414 456
2 -1 -1 -1
1 458 33 376
1 485 202 7
1 69 325 550
0 1 422 138
1 459 179 897
0 567 72 846
1 758 741 172
0 997 913 644
1 655 20 386
1 386 514 551
0 446 524 5
1 386 514 551
1 386 514 551
1 914 951 237
0 140 797 221
2 -1 -1 -1
1 813 798 325
1 485 202 7
0 538 350 930
0 428 222 691
1 558 516 14
1 459 179 897
0 918 341 702
1 374 403 844
1 8 850 806
0 275 914 537
1 837 4 805
0 680 993 776
1 382 160 256
1 564 266 750
0 322 667 963
1 914 951 237
1 287 230 356
0 481 515 784
0 897 359 446
1 932 414 456
0 446 524 5
1 459 179 897
1 113 166 811
1 750 790 222
1 274 711 580
1 151 514 901
1 918 331 650
1 750 790 222
2 -1 -1 -1
1 549 858 5
1 430 781 112
0 748 264 71
0 723 693 373
2 -1 -1 -1
1 536 645 321
2 -1 -1 -1
1 863 214 737
0 936 673 425
1 436 201 370
2 -1 -1 -1
1 230 994 590
1 782 818 777
0 748 793 299
0 35 247 592
1 106 864 457
1 564 266 750
1 931 67 433
1 965 425 997
1 43 528 856
1 106 979 302
1 695 249 783
2 -1 -1 -1
0 217 499 415
1 915 478 277
1 35 392 128
1 793 961 482
0 644 410 861
1 106 864 457
1 44 703 277
0 97 823 772
1 485 202 7
1 817 830 189
2 -1 -1 -1
1 965 425 997
1 720 347 363
0 680 993 776
1 918 331 650
0 481 515 784
0 291 438 29
1 35 392 128
0 670 848 966
2 -1 -1 -1
1 349 601 519
0 28 726 989
1 521 823 266
1 43 528 856
2 -1 -1 -1
1 897 360 991
1 275 223 684
1 113 166 811
0 263 513 547
0 571 879 306
0 285 867 426
0 446 786 886
0 500 942 190
1 931 67 433
0 198 912 49
2 -1 -1 -1
1 695 249 783
1 113 219 930
0 187 475 173
0 1 422 138
0 345 249 103
0 567 72 846
1 17 914 303
0 997 913 644
0 572 236 845
2 -1 -1 -1
1 30 933 226
1 198 599 542
2 -1 -1 -1
0 997 913 644
2 -1 -1 -1
1 265 235 360
0 337 160 599
1 464 131 874
0 291 438 29
2 -1 -1 -1
0 7 5 534
1 640 252 604
1 962 431 587
0 520 608 268
0 441 383 312
0 596 163 973
1 918 331 650
0 520 537 598
0 947 73 244
0 381 511 257
1 918 331 650
1 458 33 376
0 446 786 886
0 560 872 654
1 382 160 256
0 263 513 547
0 140 797 221
0 322 667 963
0 97 823 772
1 655 20 386
0 320 912 465
1 315 310 138
2 -1 -1 -1
0 326 173 617
0 627 30 428
0 936 673 425
0 379 698 199
2 -1 -1 -1
1 632 810 366
1 458 33 376
1 659 920 888
0 941 113 247
0 322 667 963
1 837 4 805
0 692 775 255
1 349 601 519
1 151 514 901
1 287 230 356
1 527 237 404
1 837 4 805
0 947 73 244
0 572 236 845
0 77 195 391
0 147 895 96
1 485 202 7
1 265 235 360
2 -1 -1 -1
2 -1 -1 -1
1 160 540 551
0 546 38 747
2 -1 -1 -1
1 209 62 964
0 365 360 736
0 723 779 909
1 107 182 242
0 216 63 464
0 804 10 957
0 558 984 953
0 918 341 702
0 346 214 835
0 942 366 832
0 918 341 702
1 567 655 586
1 784 963 664
0 598 159 840
0 222 228 885
0 322 667 963
0 670 848 966
0 285 867 426
1 106 864 457
2 -1 -1 -1
1 45 717 186
0 327 914 734
1 163 996 498
1 632 810 366
1 43 528 856
1 678 6 584
0 266 264 459
1 163 996 498
1 652 433 416
0 222 228 885
2 -1 -1 -1
1 459 179 897
2 -1 -1 -1
0 322 667 963
0 248 833 554
0 117 569 719
1 69 325 550
0 365 360 736
0 567 72 846
1 913 817 193
0 764 603 889
1 606 835 500
0 643 355 758
2 -1 -1 -1
0 564 839 848
1 606 835 500
1 837 4 805
0 285 867 426
0 748 264 71
2 -1 -1 -1
0 326 173 617
0 201 683 581
1 720 347 363
1 44 703 277
1 712 481 128
2 -1 -1 -1
0 365 464 622
0 692 775 255
1 784 963 664
1 541 8 398
1 596 478 369
0 472 398 10
0 320 912 465
1 655 20 386
0 512 731 574
1 275 223 684
1 567 655 586
1 632 508 461
0 96 670 139
0 285 867 426
0 125 866 256
0 619 490 72
1 464 131 874
1 386 514 551
2 -1 -1 -1
0 216 63 464
1 931 67 433
2 -1 -1 -1
0 116 681 159
0 96 670 139
1 265 235 360
0 327 914 734
0 117 569 719
2 -1 -1 -1
2 -1 -1 -1
0 379 698 199
1 549 858 5
1 44 703 277
0 446 524 5
2 -1 -1 -1
1 968 285 568
0 997 913 644
2 -1 -1 -1
1 416 272 962
0 828 535 411
0 143 615 470
0 222 228 885
1 813 798 325
0 253 476 438
2 -1 -1 -1
1 720 347 363
1 458 33 376
2 -1 -1 -1
2 -1 -1 -1
0 263 513 547
1 986 317 318
1 163 996 498
2 -1 -1 -1
2 -1 -1 -1
0 572 236 845
1 228 857 976
1 111 572 127
0 275 914 537
0 904 806 279
0 699 14 484
1 961 591 364
1 69 325 550
1 912 922 297
0 742 28 955
1 959 887 593
0 75 532 544
0 128 894 474
0 345 249 103
0 643 355 758
0 346 214 835
1 451 12 390
2 -1 -1 -1
0 777 540 613
1 962 431 587
0 992 307 323
1 43 528 856
0 142 331 832
1 163 996 498
0 799 200 313
1 596 478 369
1 931 67 433
0 748 793 299
1 125 530 255
0 198 912 49
0 381 511 257
1 567 655 586
0 28 726 989
1 2 957 436
0 380 557 184
0 248 833 554
1 424 206 25
0 545 90 552
2 -1 -1 -1
1 653 984 375
1 594 727 246
0 570 189 213
1 137 547 957
1 500 353 21
1 292 974 821
0 859 370 845
0 896 557 443
1 986 317 318
0 859 370 845
1 652 433 416
1 137 384 480
1 933 767 659
1 107 182 242
0 847 261 568
2 -1 -1 -1
1 913 817 193
0 264 160 132
1 857 148 78
1 687 589 760
0 149 764 23
1 790 202 364
2 -1 -1 -1
1 853 433 8
2 -1 -1 -1
1 962 431 587
1 655 722 897
0 653 912 516
1 106 864 457
0 828 535 411
0 200 651 815
1 936 782 1
0 77 195 391
1 648 177 342
1 218 982 957
0 596 163 973
0 898 760 238
1 687 589 760
0 263 513 547
1 931 67 433
1 540 198 225
0 137 725 174
0 876 521 944
1 443 413 599
0 644 410 861
1 71 125 624
2 -1 -1 -1
1 835 343 102
0 337 160 599
2 -1 -1 -1
1 726 158 21
2 -1 -1 -1
1 137 384 480
2 -1 -1 -1
2 -1 -1 -1
1 163 996 498
0 222 228 885
0 748 264 71
1 106 979 302
0 81 856 222
0 512 731 574
1 500 353 21
1 208 667 739
1 175 856 921
0 677 454 402
1 959 887 593
0 187 475 173
2 -1 -1 -1
0 564 839 848
1 483 462 102
2 -1 -1 -1
0 816 620 557
0 124 480 72
0 464 33 495
0 799 200 313
0 876 521 944
0 30 947 432
1 104 281 228
1 673 961 434
1 983 942 645
1 382 160 256
0 670 848 966
1 640 252 604
0 379 698 199
1 671 767 684
0 390 831 779
1 198 599 542
1 817 830 189
1 986 317 318
1 374 403 844
0 877 94 734
1 982 519 668
0 535 199 232
1 125 530 255
1 963 141 841
0 817 925 13
0 596 163 973
0 291 438 29
2 -1 -1 -1
0 162 520 702
1 959 887 593
0 668 706 189
1 208 667 739
1 570 379 842
2 -1 -1 -1
2 -1 -1 -1
0 799 200 313
1 495 374 445
1 720 347 363
2 -1 -1 -1
0 675 223 658
0 188 66 806
1 49 786 962
1 304 470 182
1 895 351 375
1 711 23 83
1 747 919 500
1 458 740 461
0 680 993 776
0 835 819 68
0 767 164 271
1 607 522 143
0 376 842 21
2 -1 -1 -1
0 520 748 653
1 778 646 415
-1 -1 -1 -1
