0 72 325 231
0 815 628 280
0 815 628 280
1 817 857 466
1 791 867 886
1 24 517 898
1 673 827 927
1 817 857 466
1 27 993 629
1 306 142 483
0 552 632 636
1 306 142 483
0 552 632 636
1 105 121 489
1 817 857 466
1 30 599 180
1 600 517 519
2 -1 -1 -1
2 -1 -1 -1
2 -1 -1 -1
2 -1 -1 -1
1 600 517 519
1 825 886 321
1 856 72 132
0 737 603 591
0 107 157 521
2 -1 -1 -1
0 282 960 607
1 817 857 466
0 72 325 231
1 621 175 606
2 -1 -1 -1
1 30 599 180
0 815 628 280
1 505 674 179
0 552 632 636
0 342 562 598
1 88 946 944
2 -1 -1 -1
0 322 855 550
2 -1 -1 -1
0 969 638 670
1 196 409 43
1 514 76 429
0 342 562 598
1 66 283 119
0 282 960 607
0 931 338 358
0 815 628 280
0 826 899 672
0 967 142 983
1 869 330 77
0 58 985 293
0 103 360 196
0 936 171 263
0 967 142 983
2 -1 -1 -1
0 57 262 300
1 685 516 638
0 182 869 198
1 66 283 119
1 969 480 260
1 196 409 43
1 9 90 697
0 268 467 43
2 -1 -1 -1
0 503 299 363
0 585 305 919
0 743 129 407
0 881 461 8
0 697 506 710
2 -1 -1 -1
0 18 641 673
0 265 981 423
0 891 142 233
0 936 171 263
2 -1 -1 -1
2 -1 -1 -1
0 973 72 613
0 891 142 233
1 318 976 174
1 105 121 489
0 826 899 672
1 172 340 120
0 124 609 15
2 -1 -1 -1
0 993 811 824
1 741 57 484
1 600 517 519
1 237 444 504
0 881 461 8
0 51 678 845
0 63 300 227
0 58 985 293
2 -1 -1 -1
0 993 811 824
1 836 959 252
1 88 946 944
1 620 987 723
1 24 517 898
0 344 632 51
2 -1 -1 -1
0 103 360 196
1 564 136 177
0 643 191 869
2 -1 -1 -1
1 575 712 229
0 523 804 239
0 967 142 983
1 350 971 798
1 167 416 339
0 953 683 67
2 -1 -1 -1
0 423 605 891
1 167 416 339
0 327 575 705
0 670 63 158
0 552 632 636
1 791 867 886
1 167 416 339
2 -1 -1 -1
1 882 274 784
0 407 337 112
2 -1 -1 -1
1 66 283 119
2 -1 -1 -1
0 322 855 550
1 986 502 521
1 514 76 429
1 564 136 177
2 -1 -1 -1
1 673 827 927
0 315 539 604
0 17 394 493
0 58 985 293
0 14 524 562
0 753 869 8
0 548 224 513
0 558 802 839
0 139 566 413
0 261 394 421
1 670 612 212
0 228 807 753
1 302 918 826
2 -1 -1 -1
0 698 163 22
1 9 90 697
1 949 255 301
0 131 113 940
0 719 599 913
2 -1 -1 -1
2 -1 -1 -1
1 475 345 181
1 216 569 643
2 -1 -1 -1
0 265 981 423
1 803 743 414
1 341 284 549
1 793 314 286
0 84 334 307
0 955 513 47
1 791 867 886
0 99 297 534
1 505 674 179
0 185 921 849
1 711 842 113
0 131 113 940
0 131 113 940
0 619 41 294
0 696 442 237
1 670 757 128
0 542 769 83
0 265 981 423
1 508 263 56
1 564 136 177
0 437 63 783
0 931 338 358
1 803 743 414
2 -1 -1 -1
1 975 61 801
0 526 27 166
2 -1 -1 -1
0 51 678 845
1 93 667 591
1 717 856 726
1 519 29 207
0 835 445 26
0 57 262 300
1 561 613 727
0 264 113 406
0 870 545 959
1 249 380 179
1 903 346 593
0 782 60 395
1 105 121 489
1 836 959 252
0 483 616 408
1 524 869 663
0 585 305 919
0 670 63 158
0 51 678 845
1 482 26 542
1 604 298 258
0 821 269 932
1 407 52 347
0 821 269 932
0 870 545 959
2 -1 -1 -1
1 614 61 960
0 738 561 272
2 -1 -1 -1
0 696 442 237
0 523 804 239
1 57 798 431
2 -1 -1 -1
1 327 974 101
0 103 360 196
1 394 957 84
0 973 72 613
1 594 990 99
1 204 858 450
1 57 798 431
0 131 113 940
2 -1 -1 -1
1 169 436 595
0 380 696 944
1 93 667 591
0 821 269 932
0 200 925 336
2 -1 -1 -1
0 48 163 403
1 169 436 595
0 993 811 824
0 153 890 485
1 98 391 240
0 910 720 654
0 425 844 792
1 440 478 103
1 861 22 941
0 65 727 283
2 -1 -1 -1
0 130 332 135
0 322 855 550
0 162 330 393
0 344 632 51
0 669 88 741
1 680 450 266
2 -1 -1 -1
2 -1 -1 -1
2 -1 -1 -1
0 993 811 824
2 -1 -1 -1
0 65 727 283
1 406 687 635
2 -1 -1 -1
0 806 74 577
1 377 929 161
1 803 594 396
0 995 221 309
2 -1 -1 -1
2 -1 -1 -1
1 413 601 240
2 -1 -1 -1
1 873 295 175
0 195 466 428
2 -1 -1 -1
1 440 478 103
1 18 879 351
1 514 76 429
1 583 154 331
1 20 603 314
2 -1 -1 -1
1 24 517 898
0 268 467 43
1 869 330 77
1 96 967 318
0 701 678 952
0 671 782 178
1 323 619 90
1 18 879 351
2 -1 -1 -1
1 670 757 128
2 -1 -1 -1
1 675 83 34
0 17 500 294
0 753 869 8
0 31 370 866
1 714 251 776
0 936 171 263
0 125 972 236
0 507 689 332
1 402 651 828
0 72 325 231
2 -1 -1 -1
0 549 753 960
0 887 273 256
2 -1 -1 -1
0 99 297 534
0 719 110 567
0 552 179 463
2 -1 -1 -1
1 858 842 916
0 886 726 746
0 677 100 336
2 -1 -1 -1
1 562 41 184
1 744 749 789
1 921 469 837
0 852 602 146
2 -1 -1 -1
1 858 842 916
2 -1 -1 -1
0 687 267 34
0 476 904 540
2 -1 -1 -1
1 969 480 260
0 250 772 835
2 -1 -1 -1
1 347 465 515
0 51 678 845
0 182 869 198
1 297 247 515
0 17 394 493
2 -1 -1 -1
1 908 712 323
0 929 207 439
1 564 136 177
0 886 726 746
1 844 306 339
0 282 960 607
1 517 651 437
0 688 579 814
1 836 959 252
2 -1 -1 -1
1 844 306 339
0 950 120 834
0 327 575 705
1 249 380 179
1 11 639 347
0 740 933 353
2 -1 -1 -1
0 385 621 220
2 -1 -1 -1
1 167 416 339
0 338 13 860
1 96 967 318
1 670 612 212
1 863 96 220
1 675 83 34
0 175 214 255
1 23 430 857
1 23 430 857
0 552 632 636
1 306 142 483
1 363 182 553
0 752 343 389
0 228 807 753
1 882 274 784
0 696 442 237
0 69 195 184
0 805 522 145
2 -1 -1 -1
0 688 579 814
2 -1 -1 -1
2 -1 -1 -1
0 312 944 75
0 99 297 534
0 707 416 360
0 970 163 868
0 869 75 440
0 425 769 757
0 17 394 493
1 892 935 374
0 162 330 393
0 750 674 425
0 697 466 794
0 48 163 403
1 901 478 848
1 34 245 417
2 -1 -1 -1
2 -1 -1 -1
1 817 857 466
1 744 749 789
1 572 229 677
0 929 207 439
1 825 886 321
1 23 430 857
1 678 846 926
1 120 870 561
1 460 137 107
2 -1 -1 -1
0 788 849 325
1 96 967 318
0 522 355 284
2 -1 -1 -1
1 285 246 305
1 363 182 553
1 450 447 738
1 11 639 347
0 282 960 607
0 329 145 808
1 85 639 628
0 233 790 481
0 282 960 607
0 804 555 436
2 -1 -1 -1
0 899 814 713
0 616 352 720
2 -1 -1 -1
1 18 879 351
2 -1 -1 -1
0 555 184 845
2 -1 -1 -1
1 632 54 94
0 18 641 673
2 -1 -1 -1
0 295 318 630
1 930 690 723
2 -1 -1 -1
1 47 826 292
1 514 76 429
0 886 726 746
0 521 954 565
0 327 575 705
1 543 265 294
2 -1 -1 -1
1 94 214 768
0 993 811 824
1 150 652 65
0 967 843 597
1 475 345 181
2 -1 -1 -1
0 425 844 792
2 -1 -1 -1
0 741 513 566
1 327 744 419
2 -1 -1 -1
1 593 670 666
1 924 793 878
1 588 209 280
1 847 933 871
0 731 718 628
0 869 75 440
0 62 3 254
1 930 690 723
1 830 280 394
2 -1 -1 -1
1 588 874 364
0 30 553 522
0 798 322 285
0 85 505 596
1 856 72 132
1 524 869 663
1 949 255 301
0 954 710 851
0 997 909 824
1 703 968 369
1 244 278 295
0 63 300 227
0 733 45 296
1 844 306 339
1 865 314 741
0 476 904 540
1 83 70 481
1 873 295 175
1 986 718 548
0 65 727 283
1 58 687 564
1 969 480 260
0 850 555 837
0 420 131 409
1 257 487 636
1 86 162 232
1 224 171 853
1 146 649 666
0 548 224 513
1 302 918 826
0 41 951 326
1 186 741 826
1 505 766 518
0 664 436 809
2 -1 -1 -1
0 388 430 83
2 -1 -1 -1
1 772 101 467
0 675 8 936
1 494 169 986
2 -1 -1 -1
1 120 870 561
1 759 940 215
1 34 245 417
1 967 66 414
0 982 713 308
1 327 974 101
1 940 461 740
0 677 100 336
2 -1 -1 -1
0 677 100 336
0 636 678 903
2 -1 -1 -1
-1 -1 -1 -1
